            L,G            L,C            G,P            C,W            P,C            P,W            G,C            G,W                      MSE                     RMSE                      MAE                     MAPE                       R2                    SMAPE
  17.2507533419   9.2298493745  23.0356517625  51.2313700264  -6.4102231334  12.5679223058  18.3537750541   6.2801019338             1.4121293143            0.75123693422            0.53487449468           12575967110000            0.83331716743             40.984279379
   4.2469905438  13.9028444622   3.3570607663  31.1425009040  32.7383194226   9.4965393673  19.9406511922   5.7157487916              0.773574645            0.55479067983            0.41106619415            6633973428700            0.88308553308             39.035433456
  11.7988446312  22.7892258988  16.6334018509  18.7993295476  16.3978911074   2.5934910954  11.7699302566  16.9776657547            0.82383324704            0.53120754173            0.40518405853            7778726452400            0.88942134457             35.917026542
   2.3884302481  15.5541542245   2.0785658609  15.6790076273  25.9792257625 -10.3734336831   3.0586668739  11.8991189776            0.53662931359            0.46055939213             0.3535446613            8560736408200             0.9131704032             39.419810719
  25.7154361123   2.3135126088   4.9331233367  46.0751833025  13.0754469121 -17.2833142392   9.2375045092   4.7108511185             1.0116480388            0.61982060457            0.43639955625            5005854340300            0.88585572251             36.369570627
   8.9301721087  24.1450585812  29.7470816635  36.6795899917  -6.4292168323 -20.7939250674  -2.5884661929   5.7197090702            0.81782002038            0.51950042288            0.37499736542            7360042284600            0.89159482078             35.396064005
  21.0287178622  16.4559575265   1.2444156492  33.9261740447  26.6212616044 -10.3302040692  17.7261674186   8.4899177578            0.81720312056            0.70369639619            0.51816461836           17814618005000            0.78735472274             49.010557158
  24.9266362733  30.0671726542  30.2489978299  41.9791023958  29.6452565151 -16.4353135126   9.7558570022  -7.0572150168             1.0829482662              0.898316916             0.6959090869          168170599990000            0.53914967895             60.567654045
  26.6917259857   0.2580145253   3.4803766217  15.8166985824  24.0775761375 -18.9523779623  -7.0897664629   4.3262717371            0.63300622144             0.6791486383            0.50399038477           41177893832000            0.75451245004             52.775114407
  18.9555695124  29.9340909735  11.2681104054  42.2092073166  28.7529625206  -9.7098483031  21.4189022517  12.7366382832            0.92475402872            0.71498442401            0.52920889837           19110004095000             0.7940837532             49.448682962
  31.2969256403  -2.3179844049  11.3797013925  46.6436205248  25.2594702073  -7.6327880192  11.8705044828  15.7417430898              1.252635182            0.68712233988            0.48685231169            3234386184200            0.86135652514             38.628611236
   9.9809030451  29.1482153840  -4.3996079699  23.5737505405  -4.3957393833 -20.7992796840  -5.2284034476  20.6294654154            0.84984975453            0.56666257731            0.41271606616            7054988475700            0.86550309824               36.6909987
   5.2276210359  -3.9215554783  17.6305491388  33.5797815112   0.3141582884  15.6452029141   0.8144330970  12.2873952975             1.2983152304            0.78613724477            0.55936732319           52791790569000            0.77415696259             42.816192533
  20.6885513574  16.2983754485  -0.5107091060  20.9266341890   7.8037701250  -2.7502475466  16.2274288534 -15.4504560611             4.2439164857              1.620670707             1.3783207147          881633770250000           0.071732503707             66.656124962
  -2.7576386707  23.3368272255  -1.1020266254  39.2901842620   5.4655270863 -11.9053567323 -13.4615080631  20.2991660425             1.1587458293            0.70896131602            0.49779707276            4464799017200            0.80988709256             42.410493134
  -0.5581403314   2.1318970718  -0.0892712397  18.2675343833  18.3786230464 -13.8836593663  -6.7151671737  -7.3916087376            0.41670597821            0.52658513984            0.38882077944           24375460101000            0.85973986366             44.990753952
   5.3500626460  -2.5596368839   1.9766259620  24.1691452104   3.1346362271 -22.9605639354  -6.3026238538  17.6692947514            0.76782602362            0.57077185344            0.41309789597           18536607823000            0.88261357438             39.915827855
   3.3596427433  34.0899470995   4.5229187894  24.4964328726  30.1951231795  -4.7360061941  14.7677533681  -0.9346620971            0.59417082092            0.64253065602            0.49576409614          191544364780000            0.74341846969             55.717234692
  20.8343646537   8.9775790302  -0.9866433837  49.0380356633   4.8615814430  -8.6228113496  -5.1189762294  22.6692814674              1.360282047             0.7425168181            0.51917593344            4554537864400            0.82763968693             41.225699767
   3.5795070302  16.0931952202   0.0989244958  41.6596969671  18.4813242656   5.7359412039  -3.6804575138  -8.7192641195            0.89777957662            0.61593007937            0.43181884991            4102055948800            0.88853189805             38.015991893
  -0.3456680691  15.4787018215  23.8857350480  23.7577878668  31.0998228113 -12.9872758227 -10.8417731502  -3.2154332372            0.37240321712            0.38217855824            0.28759824717            7218150016200            0.92603084642             33.514416739
  21.4738711476  21.1142083212  22.1582404001  47.7653680954   2.4070825857 -23.5361968487  -4.7160489818   3.7652605965            0.96210577589             0.5915919553             0.4212773065            4435371667800            0.88217186795             37.272110348
  -4.1133140077  26.4153791922   6.1677931595  20.3622975367  15.7717589821 -16.5022980472   7.6514652784  23.5930784919            0.87103144711            0.55043418278            0.40535987316            4369232971700            0.88264377245             32.812946147
   7.6143059967  13.6035170678   2.8630179675  39.6686602166  33.3229475131  -3.9013414466   5.5876586938  17.9663025159             1.2461850819            0.72530355938            0.50872005556            2512396366800            0.82500327819             40.459606733
  14.6241514849   1.2272331990  28.9025843401  53.3425158218  30.5451094853 -14.3752746179  -8.5774149554  20.9897039977             1.4547515372            0.84712415753            0.57381802957            2112941952000            0.76668346342             43.826970247
   5.0808229250  31.0501744864  -2.9776388941  50.5537108126   7.4142960502   5.5159891920  20.7776738463  24.3554183440             1.6745500057            0.81014397753            0.57550201565            2572416505000            0.77413566253              42.29146784
  -3.0433039349  11.2604292428  -1.6700605568  49.4027825678  14.6355513158   2.3981233497 -10.8925246486  -3.3879188171             1.1261717106            0.73517777841            0.50077324209            3817688692200             0.8351584143             41.224688508
  28.5251341265  31.2166512008  16.4780270867  38.2077641900  33.0250229504   1.8731747208  13.3827087098  11.1648729956            0.92009879554            0.64689697198            0.47793667454            8357658562000            0.83951501553             43.028861456
   5.3626744073  20.7335775304  -3.9379353910  27.3041917963  11.3399499783  14.3917079334   0.5144162943  13.2937287301             1.0299798373            0.60355090649            0.44093990649            6638926546700            0.85477115578             36.707220393
  30.2806214644   1.0094192651   6.2991083845  16.9593196337  22.4483764388   1.7826840894   9.7207205580  -1.9859180829             1.6510671098             1.0898227842            0.86227015323          233695692010000             0.3578894092             63.101039495
  22.1777127602   6.8089036887  25.2399822502  43.1875742383  -2.1016089712  -2.0651727128  -6.3857112719  -9.5050294090             1.0295409177             0.7170420639            0.50169792778           43706606354000            0.82004563809             38.772402855
   9.8104824331   9.3721208420  33.6501195503  17.7285255646  19.0944032207  -9.1808530000  18.1411871770  13.8908269745             1.1478825063             0.9156851509            0.69436439104           87635228947000            0.56685604256             59.362538287
  12.2448329360  22.6792855447  -4.6639380715  26.2284393106  29.7795326986  13.1605694308  18.5603147873   5.8304734218            0.86856887492            0.73603941447            0.54598460958           31803097881000            0.76893203706             53.892262036
   8.1375752563  12.7951598729  -0.1799968950  25.0211202180  -1.3883305524 -11.9627286109  22.9278308233  15.2738083853            0.78626420619            0.55344168619            0.41462806013            7803200683700            0.88588979692             36.376976507
  33.3684690544  22.8163240674  17.1237979864  40.0026671072  24.7433170805 -12.9231752482  11.5172413680  -5.3868890486             1.1526904463            0.92398645321            0.70334927115          122148265190000            0.53689812072             59.632633949
  -3.1040462570   1.7344719797  -0.1611544804  34.1952512282  24.5889064723 -17.4648177733  -0.8119109503 -11.3109868609            0.57167986556            0.52117639917            0.35460912865            4445569264100            0.91276100682             33.948722629
  -3.4899812278  23.0272617123  14.9038223485  33.8536052115  25.4759507351  12.4064252093  -0.8822737053  -0.1072559134            0.91846636688            0.60016862667            0.42699243853            3862266756000            0.88076795893             36.598557022
  -2.2285423041  32.9977287422   1.3290009464  16.1773935633  -1.2390263853 -13.3576178053  -0.6928600872 -12.4972256216             4.5358920296             1.6679913879             1.4226200329          917934299470000           0.048869761347             66.869616846
  26.3111953170  25.2327107676  16.0781122562  35.8438862953  18.9856726072   9.1702466111   8.8345248559  -5.4832831074            0.90428830419            0.78402957038            0.57968383506           32131751840000             0.7128100449             48.267305084
  30.9485704814   3.1898046215  18.7901615226  44.2383882674   5.5570323009 -14.7622471677  17.1711920007  19.2340233411             1.2845119039            0.68891871281            0.49686718661           13217832954000            0.85278606847             37.186503347
   5.0632805725  20.7240125621  14.5949184567  18.3262062910   8.0216186153 -17.2989668588  -8.3824238349  19.2458443826            0.71445208791             0.5279115877             0.3829569877            6235101733600            0.89981783924             34.871280026
  16.3846097434  16.3883565949  19.8714737260  46.1188404065  -5.7543279666 -18.8594711871   0.0637646591   3.7447467968            0.99423840742            0.59098010884            0.42658784809           11331569002000            0.88434904401             37.809870205
  -4.9869452462   6.5891975892  20.9688095166  33.4753101805  -1.6112317451  -7.9973737923  -7.7105630958   4.9054228441            0.83514663878            0.57116739964            0.41470193178           19423798699000            0.88439901518             40.543715515
  -0.3930796526   7.6778159658  15.3871162040  20.2747495856   4.0827762624   1.6564821139  18.1942235816  15.3565876267            0.85805835451            0.53425466524            0.40207819565           11792791715000             0.8962747229             31.395857683
  -0.8698356696  24.4883416865  27.9223424754  33.2810937409  -2.1957000585   4.4956449269  -4.5195069811  -1.9089828707            0.78518388853            0.50807216713             0.3727072177           11136357872000            0.88510183418             35.988709223
   7.5474737354  26.1854548495  25.4928167657  22.7374012690   4.0177861418  16.1437884395  19.7566451799 -14.4349196995             4.1069395306             1.5922037888             1.3588891509          836776292330000           0.085356963269             66.480387816
   8.0877068150  -4.9533945573  16.7650145346  18.9035107195   5.7762480481 -18.7336162068  -2.5919968459 -14.6090483820            0.71835721855            0.73525843323            0.54428857752           67270629148000            0.68091789292             56.449952195
   5.0450111239  -4.2371779183  31.1883545375  40.2809805294   2.8185866719  -2.7415484569  12.1972546691   2.9695870847             1.0759807773            0.66533025745            0.47607638196           21233143641000             0.8709562747             39.164789504
  19.8116845549  17.9802747678   0.5682781354  43.3207982115   0.8013792405 -18.8117925734  -6.6246668999  -1.7828205332            0.82896414218            0.53929390933            0.38560984173            6389813837400            0.90388186416              36.76311298
   3.1525027404  18.1426817308   5.0467623486  53.7988452311  13.0706150323 -20.1082465831  10.3564294886 -11.5052919918             0.7361050826            0.55244858704            0.39685085244            4393124483100            0.88058208582             33.491436989
   8.5476070164  30.5523309332  -4.4919431991  41.5005855824  25.8373324168 -15.6274823033   1.4491890079  15.2566352276             1.1344201861            0.67228482159            0.47841037414            2884462951500             0.8283144375             40.089080408
  29.9029607831   7.4751266763  -4.2215456054  50.9494068493  27.7366388368  -1.3929836936   7.6897059103 -15.1917563338            0.63912752797            0.47846665328            0.35339278306            4990703625800            0.90870160642             33.658225964
  -3.5563943672   1.9399939387  15.8623530500  44.1825661063  11.5555857401  -8.1842228635  -0.3675643282 -12.7930005135            0.83916923877            0.62033996031            0.42421133777            4624755599100            0.89415231856             38.386031305
  34.7596791006  -1.0960739611  15.7673543647  48.3175171502   2.9186404363  -3.3641446656  22.2259020950  13.4094107307             1.3657007665            0.73556715902            0.52815003294           16599355887000            0.84019812816             38.254708602
  19.5663632436  21.6323191674   1.5079609192  20.5123454455  15.3690733308 -23.5485741774  13.4175674200  11.7636114101             1.2282107539            0.95178162833            0.73253915124          144219068530000            0.50530208696             61.095554816
   7.0708120218  19.4773970064  -0.8593189553  26.3296059423  -1.4297656366  -6.2780488744   7.1371355432   6.1152492799            0.74071777046            0.50290590172            0.37382275196            9855539777700            0.90039461082             29.541852379
  21.5243716298  33.2837923109  31.0459445359  25.4206530693  20.0712301590 -20.5077581124  -8.6919716571  14.6164947742            0.62850417643            0.55264075665            0.41430036799           11057690700500            0.87330375371              43.26208811
   5.4340784872  22.9131759444   7.9591133352  36.3539569335   3.6944302082   1.4354700656  14.7596987156   6.3895746105             1.0274298112            0.62681475749            0.44492964311            4374768809900            0.87137681712             34.725644709
  28.1227560635  18.0857855071  12.2505654331  21.2817342958  -3.2838539334  -4.1667022095  -3.5463154638  -2.4473187539            0.88171571624            0.76043249946            0.55638830042           51962871673000            0.73866249282             43.707194197
   8.1837823989  14.5793839368  29.5570916412  15.0654530488   3.6537122318  11.8024035324  -2.6221318078  15.3898724605            0.90072564202             0.6597014389            0.49475022653           39474895252000            0.81766638064             36.079796786
   7.7817625831   0.5182158216  30.9000550641  54.7338384734  17.1182499831  12.5731265370   0.4936225025  -7.4258242205             1.1650570831            0.67887410346            0.47967342934            6688749088700            0.87209271589             40.780149273
  12.1280604902   1.9596427340  23.4925718732  36.2577102436  26.6726576767   5.3902104743  -6.1164578201  10.7026530183             1.0538106115            0.66405279875            0.46353949713            3804577497100            0.86469640172             39.631031727
  18.1549793361   1.7111661763  23.3972354053  46.4121113627  11.7001757196   6.9133496630   5.1479921235  24.2495092477             1.4311827727            0.70641984577            0.50977868154            9438312409200             0.8458476486             41.309319279
  30.2438740859  34.1534252734  13.8128259091  36.2022314130  -6.1313387466 -15.9189030329  -6.4144546167   7.2966502701            0.83691767289            0.49582469555            0.36978252709            7391217793400            0.87600223875             35.078514125
   8.8649351685  -2.1424737753  12.1390837930  35.0318260868   0.4845615077   2.5708174387  -6.0124001442  17.6783666692             1.1862063688            0.73990304694            0.52899890872           37789669623000            0.79724995692             43.868217853
  25.6927124161  -3.8008237655   7.8486523952  46.3793134019  27.7517292837  -9.7882264863   4.1190239126  10.8194909069              1.155356533            0.67878277795            0.47744127566            3323250952100            0.86774358619             39.508722181
   2.5327994928  16.5831342902  30.4630144830  37.6693031920   7.8159215102   6.3340622095  -8.4510992270  -1.0497628780             0.8740073126            0.55475049345            0.40277929363            8164778312300            0.89089861305             38.735142658
  29.7797761701  15.4341930978   0.9793694407  27.4039655490  -5.5117255561 -16.0410141846   0.9401317027  17.9948508907            0.92088299809             0.5738423393             0.4276706678           21277138986000            0.87165502503             34.520304128
  16.7822133331  11.7048425941  34.7261316271  49.7772868017  -1.9657547254  12.8046361166 -13.6038715888  16.5446442602             1.3367529024            0.73347747887            0.52857051162           18479792642000             0.7791139269             45.178056334
  23.2172360215  33.4807684812  25.1782919195  28.6794187422  28.0371707166 -11.0972877779  -3.9233474296  23.0973725982            0.99391605729            0.57048951076            0.41935901532            3439212189800            0.87237712824             32.026991639
  -3.8475146796   4.7325464907  30.2260904846  47.8080383106  25.1028445638 -16.8100853153  14.5664854672  -7.2024803755            0.66567354285            0.50455786357            0.36836080217            4441198865700            0.89227409074             33.079961833
  -1.8629804362  11.8279492205  26.2740160064  18.2237283221   1.1047510770  11.1636570152   3.5250715412  12.5593921669            0.96378930403             0.6744802309            0.50096727054           42169974271000            0.82006567021             35.197269354
  29.3728948939  -0.3316767801   5.0897161579  23.8114395275   4.2237629028 -21.2971586216   4.1621402169 -13.5934794896             2.2052689492             1.2479072891            1.00522843234          324302500510000            0.19203242821             65.149590327
  12.8683632046   6.9103148797  16.7069711705  43.4630221204  31.3466675570  -8.3803556607   3.8266413932  21.9275827861             1.3513298615            0.76955156412             0.5348248175            2376331296200            0.80822440007             42.000671421
   2.0257199202  34.4747026214  -1.7973779609  20.7786503689  25.4923287670  13.8668547013  22.4989222402  -0.5840439729             1.5932210486             1.0806674222            0.83919304791          197639031050000            0.35977850146             62.941843183
   9.3170605527  29.9869447383  31.3504495347  49.5302180557  32.4445882593   5.3093682670  18.4829399464  11.6386920067             1.2893297307            0.69342349909            0.49952748786            2750146040400            0.81924623807             35.833305456
  12.0731441112   3.2744722842  20.5904201395  38.3501836917  -4.4205741232 -12.7958855469  13.4854060146  -7.7555481238            0.77209782776            0.61679678992            0.44544719872           23011313076000            0.86206803623             37.473521391
  20.2788035307   4.5418712670  22.5964879176  44.7393495711   9.3272831548   4.3379355663  17.3425812547  -8.9975144690            0.72121057337            0.63890587105             0.4645771355           11255232708000            0.82863982998             41.777345906
  19.8890418506   8.7569865629   8.0820250486  24.3292989282   5.1570723613   6.7221475504  26.0449887202 -11.3799103385             2.8632938857             1.4077398964             1.1357808169          421507445180000         0.02227831855304             66.161575966
  27.9409236432  27.8150860499   0.3954270773  51.3109630222  27.3832573250   1.1813580915   1.8899979263   9.1360094249             1.2882607482            0.70354293364            0.50281263924            2698866699000            0.83372140555             39.835010031
  22.4748271199   1.6584560027  11.9353622562  54.9692101025  -1.4260481884   2.4313121269  18.1878972978 -13.7603438508            0.69480412701            0.52055054158            0.38079183477            7286619591400            0.89381922946             35.116602981
  14.7029505966   2.9443592499  34.4037875928  53.3427825712  24.5099834094  -7.7039976100  22.4989786112  22.4880198395             1.6277414321            0.86598826393            0.59602654211            2050008214700            0.74785388784             44.000024563
  25.4141754570  32.3420424770   1.3909480144  29.9997890755  20.3776435285 -21.1835644989  -9.2695611793  14.4106887230            0.77644127467            0.49405076215            0.36308934402            4229962942400            0.89624518311             30.245435818
  10.0557632565  21.8592856853  20.4016497323  46.7752241070  22.1588936561 -16.7488661211  23.3241407661  -1.8738917091            0.87554374645            0.79450719075            0.59895078068           82854595804000            0.67744625333             56.785001719
  20.5419046055   5.3897005520  28.4992676649  30.0391527717  25.1728155692 -20.8157244778  14.6631654699 -10.4601391223             2.0222284221             1.1915821595            0.96151515466          326822472250000            0.24922322597             64.463873125
  29.6633928951  15.2752365706  17.6517202709  46.1231565120   3.3425714542  10.6345042282  15.3200614814  -4.1111732727            0.98251789978            0.61005263631            0.44877565388           13079145647000            0.87434939953             34.476179605
  29.9292292382  12.4489453762  29.3864764646  30.5004044111  12.9025380964   7.2308431428   2.2460539644  -5.7047454592             0.9646305943            0.73866223537             0.5382635271           37760533634000            0.79100633314             40.095953466
  28.5311157280  -3.8110897441   2.6169060791  45.6062280976   6.9936711838   1.2853778996 -12.7607148057   6.6688492856             1.1359691264            0.71327349515            0.50695587862           29399961473000            0.82265944627             44.288756185
   2.1957896948   0.1145099833  31.6785700538  53.1346049408   4.4477372316  16.3620366333  -3.0807111126  20.8525727289             1.5354093942            0.80598015532             0.5790743095           18161627640000            0.77675381044             45.704657699
  22.4317835261  14.6898954571  26.9860775444  38.3433541603  -0.8744529287 -19.6385112924  -0.5206515814   9.3222206879            0.93266667906            0.56748333767            0.41639145218           14735818005000            0.88348632925             36.335315821
  23.7304724184  25.3436654947  20.7765453441  40.5915354889   8.8174456501 -19.8249494812 -12.8030986627   0.2440020095            0.75730673596            0.50505367298            0.36586543925            4563278661200            0.90364430125             35.692180042
  18.7073859451  32.0826815014  27.0794434749  33.5657146803  -4.2209422124   2.7900608968  23.2784774347  16.0365467995             1.0353359347             0.6439018823            0.48137252333            9898078321600            0.84415338013             38.876571367
   6.6883746738  29.6175853530  17.0370603696  22.5084492029   8.0489767200  -7.4881656904  -3.4567282654  21.7918027083            0.93511776855            0.58423769977             0.4273537731            5717355201800            0.86806529973             36.280945624
  34.7189407172  10.8985215203  14.8578945426  49.1496062816  11.9498157663 -21.4131244634   5.2272898326  -4.3766034189            0.79148765824            0.55477886989            0.40585002243            9374795952300            0.88448541109             35.033087604
  22.5981945186   7.2786924663  -1.1164009180  23.6440238005   1.7308607979  -6.5403262886  -4.5144508805  16.0390037441            0.87897678362            0.59992605868            0.44900812933           29696565843000            0.86282391595             37.185124271
   4.8135377602   8.6128905931  13.7946729490  20.1454115027   3.7227738794  12.5730937534  13.4911456877   2.0569567266            0.94127110211            0.72788231485            0.54009528375           41429920141000            0.79763875277             42.205278688
   1.9823828892  -0.1194002931  -2.0779060964  52.3000383856  14.8320860337 -18.0088222902  23.0025028123  -7.9221313349            0.63046314665            0.51819256453            0.37814327627            6056789478300            0.88551758285             36.870899692
  18.2257890836  -0.4602754671   5.9677687319  49.5146280102  23.3114542317  13.7952120681   8.9115672396 -12.9729071433             1.0589598152            0.70600108413            0.48627359827            3051120811000             0.8564143824             41.300456108
  19.4992813158  30.8042788985   0.7428082921  17.9420606989  22.7155333026  -6.7838861477 -12.1943640187  20.3100527608            0.80853147339            0.57805666308               0.42044483            5166685002000            0.88646201684             34.715194377
   9.2760019771  -0.4487537906  26.3676948539  43.2814153160  17.0856863472  -3.0504945686  16.3200188409  -0.0982419450            0.98779385075            0.65488559438            0.45614889781            3258569055600            0.86874355543             38.112251386
  17.9218088392  14.2609702779   7.5347082551  30.6228452144   0.4002004885  12.7873519791  -1.2631827006  18.4207527463             1.1279760334            0.62080650021            0.46543441755           19118744889000            0.83217169693             40.074276857
  10.5617996288  29.5822377051  23.7786364731  35.7231411023  22.9162550707   9.5588882902  -4.6257815658  18.9001288932             1.2176317039            0.65065757507            0.47013358165            3366080856400            0.84116247981             38.299313944
  -0.4652927991   3.6304898379  22.1021862598  48.1120080194  -6.0448660418  13.4429153400  16.2715980962  19.5214448871             1.5837899812            0.80970892219            0.56848179677            8122239767700            0.80270468867             42.723240169
  21.6254489097  -0.7819876700  25.7370147960  43.8572200825   2.0115083394  15.8782462484  -3.6376116391  17.0434160336             1.4559591848            0.79427712443            0.56514509476           44829798743000            0.78558942972             43.582176716
  26.5735158199  22.9658311364  21.4550154022  40.7785494659  24.1566679257  -2.7177210535  -5.5798316619  -8.3961296056             0.6161527501            0.48693748298             0.3643331046            7819516837800            0.89843527741             36.243652197
  16.1753976319   0.7014966088   9.3844345985  53.4295206927   5.5532060093 -14.1231157717  -7.5267699824  -2.4684195292             1.0369585305            0.63125737819            0.45264185136           14454072988000            0.88383760127             41.605939417
  31.7770904172   8.2092802631  30.8807014423  24.7948946438   0.3127015141   5.7195809372  -7.3302912981  14.4981035765             1.0873068738            0.73666789556            0.53230407494           51487372325000            0.79308126616             38.121857129
  16.9702526079  27.5344817362   9.7114118032  25.9359876478  -4.3641684573  -7.3036954750 -13.0324206780   1.8970551435            0.61403856886            0.47329112682            0.34831182234           12759523842000            0.88378801052             34.454137043
  32.2119770278  14.7159850410  14.9722931456  21.1046214429   1.6207134518  -5.5893740796  -5.2058559755  -2.2037834767             0.8778225578            0.76269121243            0.55641377538           51353055414000            0.73548518328             43.502174562
  28.5648652531   5.4890382569  24.0670929435  48.1790669453   7.0638888146  -8.6231360803  25.8192078951  11.7244653107             1.0498336374            0.59701507968            0.43899730258            3813609653900             0.8757169468             31.866717886
  19.2694347590  25.6196691667  23.8999038678  40.5280509641   4.6927368763   9.5175638323  11.6384450424  -5.8647054233            0.79781222461            0.65256279753            0.48092488214           16027707775000            0.82791912185             43.071382428
   4.3286353588   2.4946748752  33.6026489461  52.5802176644  20.5573992364 -10.4900826327   5.6839003213  -1.1790119117             1.1531216993            0.72950089498            0.49940627619            3049081291600            0.84081501133             41.336255314
   0.1794171523  28.7316135829  -1.0623036853  51.6955007428  30.2155958532  -5.1537366590  -2.7619066139  -9.1714529458            0.98378961897            0.67023117404             0.4653549733            3297902641200             0.8416903469             40.250975481
  24.0667358447  23.9642657919  27.0157062767  33.7024852973  16.0479220882  12.9901247600  -6.2969533537  18.4679457087             1.1770320696            0.63136516691            0.45893618538            4691768374600            0.85041835147             38.472187228
   6.3861324449  11.6520201527  15.8302431785  31.1786430757  12.3495271150  -7.5339237069  -6.1320994520  11.5985714034            0.89500724577            0.58483749692             0.4107420258            4727605641600            0.89034544344              37.09120086
  16.5139058519  16.5085138388  11.5163962985  53.5071521601   4.2493229910 -23.1356866625  -3.6496444262 -13.3306546269            0.82574740917            0.58482065612            0.40780763034            5222917461400            0.89282177093              36.04965343
  25.5267600473  -0.6859907086   3.2939643574  20.9600405491  28.4673380896 -15.1435490942  13.4137467779 -13.1558258983             4.4828161767              1.651240129             1.4064275417          791118448760000           0.021685682755             67.003686046
  10.9306776547  13.9215274814   7.2343362229  50.7575046164   4.8997427656 -13.8758412843   9.2202653524   4.0100675223             1.1946372678            0.72004863385            0.49945071423            3314510155100            0.84864470446             40.038661877
  -1.8911132965  -3.3510773966  14.3382943832  38.3390863061  23.9727295528   2.6575378188   9.7092639965  14.8746807810             1.2755606683            0.76062230939            0.52441905932            2783652428200            0.82797259535             41.231524443
  26.7593883924   5.0650702132  -1.9056930253  40.9209520670  19.6041246450  -8.3135996124   1.1752412990   9.5682185552             1.0281872913            0.60289454023            0.43065625117            4468586695800            0.89191445454             37.311206388
  24.8557543886  26.6862493471  24.2821255376  37.8803955227  -4.5385247159 -14.5127414784  -1.7294633125  -1.7354812307            0.75029840311            0.54429621953            0.40279422252           15240744701000            0.87783732487             34.857498116
   1.5580292549  23.8467857544  23.4771972099  44.3528024526  31.7968575377  15.7157303559  26.2741944403  11.6870164747             1.3100665008            0.71133304128             0.5113906127            2530169320300            0.81881866959              37.20487057
  18.4780958379  34.8298366943  11.9743961045  43.3383364808  19.0731388443 -16.4093421279 -10.0199489584  21.2154049889              1.222961082            0.67846673596            0.48650117589            2804921700400            0.83211803771             40.989064894
  30.6848390702  16.8859120680  15.9573116193  41.5995028140  16.2683151437  -0.6333988724  -4.0569361872   4.8342108124            0.97262301044            0.55080281978            0.40147559895            4915241413300              0.895943774             36.202169385
   4.6195449252  -0.1245681549  22.4379009780  28.4920467906  27.4565301379  -6.5595242317  -1.6899389444   0.4982015815             0.6324018739            0.46496276789            0.33349843553            5595566766100            0.92929874699             33.227576917
  20.8358549845   6.2433419336  21.2001084127  43.4060191540  29.9944907337  15.3143897083  22.8786634301  -5.4222867630            0.85076724156            0.72241832776            0.52943050645           16922182649600            0.77567379596             46.072683687
   2.9147474669  18.1372304068  14.3524942030  45.9517078768  26.5383732656  12.9388676220  24.8092853990  -9.9857612701            0.81250931045            0.72644417725            0.53845832772           42681893607000            0.76306511285             51.140910169
   0.6434519876  26.7398751390  18.8120571122  42.6837262832   4.4609011184  13.3565052458 -12.9694444700   2.9544922967             1.0896407703            0.66756252934            0.47486843657            6616200475300            0.81268198612             42.961262135
  14.6225219350   6.9043309637  26.9656818554  31.8988637135  22.2086323545  -4.2891810738  24.2726064524  12.7266192082             0.8238993441              0.638360778            0.46815433163            8130397844700            0.83917517313             41.369457052
  28.3704560692  12.8669857267  14.8597706281  22.2854167918  31.1565384707 -11.1658837423   7.1273837822  23.5867659293            0.85290236844            0.50017188358            0.37694825442            4187424397900            0.89901866989             28.862940634
  23.6659960862  33.0409830715   9.0333435761  29.2907420055  24.1165562206 -16.2294392976  22.3132880878  14.2248708501             1.0720993167            0.88806542369            0.68255723182          132578658040000            0.58393331079             59.933576533
  12.9143769511  18.4285078413  31.3851466197  41.2832317446  12.7163989578   7.4399329324   6.6825788495 -10.9896287758             0.6852278916             0.5318896582            0.39492699311            9260874233800            0.89014064726             37.052160052
  -1.5510056717  22.9516174820  28.3650601999  35.1313159781   7.9794353812  -2.2266509488  22.5075847447  -1.3122949650            0.89698432589            0.79550460776            0.59414786147           58632391007000            0.68960605291             54.410766677
  26.1151198988  30.7801662447   2.1836255993  41.2071304498   4.5441354204  -2.4006394988 -13.2099013156  23.2364484848             1.2969282492            0.72942072697            0.51655337008            5628199074200             0.7937944067              42.58456824
  17.2958508321  18.8149386621  27.7544445515  20.5503543088  -2.8227142739  15.1467934075  -0.5764924966  19.7212555282             1.0544760166            0.66192122251            0.49803376112           32566460801000            0.80711799933             38.990874112
   7.6609918656  16.4268989012  -3.4269622072  37.6416630739  -1.3328671418 -20.8747216814  -0.7681758365 -13.2142052347            0.50977896841            0.46155491708            0.33284118585            8398740307200             0.9181030343             32.872229848
  -3.6892561223  25.0753382461   0.7934089740  44.8022819582  -5.7307028789  -9.1426610460  19.8336573416  -2.9995322873            0.78704781624            0.55954951642            0.40869898209            5773587661300            0.88404433197             35.143018569
  25.9479397338   5.4679288656  34.0656100117  21.3421473184  -4.3801795089   3.3504782243  17.0024744343   2.4526657634             1.4064346254            0.96963047315            0.70414557733           68201815371000            0.60490919531             47.119399148
   5.0438651867  19.0133819188  30.7119774268  27.9509924866  -5.3723006592 -22.1287984882   1.8577797461 -14.8361570016             1.6975236686             1.1108757424            0.87393600559          219798699140000            0.31428127898             63.760715876
   2.2255743042  31.6678528456  22.3786876556  41.8511146131  10.5354627050  -9.5399015188 -12.8850782989  13.2728732798             1.0964348427            0.65170081453             0.4671224486            3699105215400            0.84236858391             41.103689209
  -0.9196801077  10.9672083322  25.7766442914  17.5185677489  31.8839960746   8.1990150230   8.6292751965  -0.8426816607             1.2082748704            0.94549542154            0.71935127623          112359738190000            0.51015398044             60.779379024
   1.3677100691  -2.5451026834  11.0895043476  19.8148028237  32.7302533769   8.1763867748   7.8892696534  19.0876312796            0.90328227618            0.55378823708            0.40477500014            4660010146000            0.90003988037             34.476054052
  -2.9165507137  12.2281485831  31.3889303321  47.2956098554   3.4221008080 -11.7342679027   4.7328227941   9.5599256254             1.2033413178            0.70444704717            0.49290130883            3899852182500             0.8547570922             39.881314474
  11.1343001179  19.6584904377  33.2092686091  45.0075587232  22.8888724642  13.5129653359 -12.0618480169  19.9859216434             1.3846976045            0.75952200037            0.53673844962            3037718255800            0.80398504835             41.427891533
  19.0500094635   2.2750260872  15.9276402854  20.1492212870  31.5296340119  13.0702468697  -9.0631118799  20.2945959743            0.93674197436            0.61615871413            0.44449193821            5334799660700            0.85997874991             38.571940208
  25.2736505759   5.8345450643  31.7027194107  30.3745581484  30.2835221640  -5.7295945176  -3.8180421680  15.1334532491             0.9092637309             0.5710663305            0.40909758421            3447370266900            0.89565124887             35.802031968
  32.6206384075  13.5797553119  10.3400800347  51.1171071463  -0.8832106952 -20.2076929143  11.0229096031  -6.9742407430            0.77535805587            0.57966145279            0.42693380906           11607195460000            0.87122093874             38.686498426
  16.5236158660  25.8599218373   5.7911199422  20.5871206101  24.5238441150   2.6607681965  -3.2967403346  -4.2205716637             1.1144115001            0.91155381215            0.69030277514          103500357880000             0.5348920399             59.858334616
  -2.6469424062  18.3403402077   4.7213978235  18.9576985053   2.3531172871  10.2351125858  17.2584014567   7.3182939779            0.73725363151            0.55783453843            0.42259842593           13731500449000            0.87440654176             39.540216586
  31.9819639519   3.4940193095  -2.5508621512  26.4040369339  -0.8150017065   3.5237141983  16.5391601150  14.9070633190              1.327270502             0.8305347741             0.6005877131           46817747303000            0.76685112328             34.612577528
   0.2275305179  28.8500568218  21.6058850917  36.1844110304  27.3440301760 -19.0219398231  -9.8371447391  13.9286621164            0.98808299034             0.6476959373            0.45764142828            2958177004800            0.83983716107             41.302861777
  23.9141640542   1.2877790168  20.0638075147  26.3741992055   0.1163441614  -2.2889536381  18.8919926986 -12.0223704161             2.5552589763             1.3415248468             1.0709211822          339764678750000            0.08419192889             65.343916576
   8.0670522171  33.1402460036  30.6401809049  34.9452944173  12.6987570151  -4.2832082369  16.8842261219   4.3780763782            0.91437647978            0.78324417909            0.58302290151           41044159640000            0.71711263697             53.645556519
  22.7111602774  13.1183840934  15.8911709639  18.4845278429  26.6011149623  10.6094073304   8.2414170521  24.2172120993            0.99638434659            0.54825049106            0.41730048563            5879351303000            0.89237462663             33.489113058
   5.0609801223   5.8731562391  33.5168611748  24.6072853619   1.8474555897   3.0300614173   0.0023242897  23.2727901963             1.0880751907            0.65680365148            0.49087576697           32681839321000            0.84450177602             39.505331306
  29.4868729121  14.8999052659  25.6695480162  22.6365577654  26.9276471721 -17.1193040467  21.2165813942   4.0144192847             1.9859713554             1.1753365609             0.9589320647          366646708010000           0.277729081438              64.18377483
   3.7005358413  23.6316100384  20.7222732479  39.5723286907   5.0213400230   8.1837767447  -0.8490907500  -9.5509547625            0.80634449812            0.53723513526            0.38641783924            7252821843700            0.89755166699             35.039695674
   0.2808729246   6.9720745115  32.5347957687  33.8560480775  -1.4895944316   1.6963180393  23.7884390921   3.8848911594            0.75182103984            0.55614879002            0.41075307781            8725063388700            0.88258383581             36.581221954
   0.5359302244  31.6950567975  14.6431724318  32.2031604142   9.4608574029  -7.7416226420   3.2924934296  24.2148654747             1.1779899249            0.63389787119             0.4611705723            3729989364200             0.8411456592              37.49830141
  16.2135118687   0.1401553731  -3.5671946472  50.3154513953  -1.3647640168  10.4438681962  14.3344614440  -9.8858252316             1.1888342965            0.75908347773            0.51868195506            4578429375600            0.83786299344             42.298698117
  13.1504512514   0.5821774582   0.9547870897  50.2055825348  -4.5780091642  -7.4059872647  -6.5578593980   7.9644529752             1.2071126668            0.70846873603            0.50524932146           27658212027000            0.83527594397             43.713483386
  17.9704070696  29.4709871846   9.4128768520  32.0075264252  26.9489177221 -13.7181137795   7.2715122717   9.5825443766            0.75772946332            0.66061653792            0.48813431348           16250015373000            0.81418327906             48.446302754
   7.8536537910  16.6127031104  25.1309506587  41.3009186295  14.2844972468 -10.4674111292  16.7128423330  13.3518387408             1.1689137874            0.69716715938            0.48907187811            3055491209200            0.83968230348             37.854864856
  11.5939611626  10.6284450989  26.1408274921  16.5701774054  -3.6948680677   6.7769224617 -13.5694026839  -2.1608589247             0.7933647147            0.72409016374            0.51233833466           67972223773000             0.7399200037             34.553357719
  16.7645376788   5.7392053940  26.3693122232  45.0274694406  29.2727913398  -9.4642472903  18.8974816877 -14.8179583610            0.96865429112            0.85294927201            0.65306468275          138166358110000            0.58035738472             59.696089982
  21.0830008268  34.1931018511  14.9898559858  40.9991337122  12.9094385594 -18.4281570315  14.7642868117  18.1575346461              1.057731797            0.60026344768             0.4442021754            4102055949000            0.85216432695             31.403389404
   5.1819578367  32.6727839203   9.4451746501  26.4280519793   9.8967408342  -9.9652141449  25.3909653080  23.6426636345            0.99256708908            0.61744418808            0.46351350427            6437888219900            0.85142453988               41.2513664
  25.0299132298  28.0907446180   9.0938500070  20.4319097789   6.0798304397 -10.1776080309   1.9415077184  20.1120260164            0.83186261141            0.52565238094            0.39151048742            7066351511400             0.8826339419              31.42090235
