            C,W            G,C            G,W                      MSE                     RMSE                      MAE                     MAPE                       R2                    SMAPE
  37.2507533419   0.5298493745  12.5356517625             1.1118114027             0.6800797831             0.4776005769            3152222694200              0.858551714              39.12845449
  24.2469905438   5.2028444622  -7.1429392337            0.90073336135            0.81663532618            0.60662684255           59580767464000            0.63700128673              55.63862945
  31.7988446312  14.0892258988   6.1334018509            0.83993335789            0.56263227644            0.40182329107            3987842870500            0.89422320668             29.544884251
  22.3884302481   6.8541542245  -8.4214341391             1.3173386105            0.98704457403            0.75846822073          146188661420000            0.44716248252             61.975949323
  45.7154361123  -6.3864873912  -5.5668766633            0.97466158032             0.6594023021            0.45798830856            3502145927000            0.87352352585             39.547925725
  28.9301721087  15.4450585812  19.2470816635             1.0960768295            0.65244832989            0.45946332061            3280421047700            0.86386358628             34.050928496
  41.0287178622   7.7559575265  -9.2555843508            0.72951415591            0.55069847224            0.38958228807            4150130331500            0.89967881943             31.537179807
  44.9266362733  21.3671726542  19.7489978299             1.4520550982             0.7997530368             0.5575268414            2358266982800            0.78463188714             42.199490102
  46.6917259857  -8.4419854747  -7.0196233783            0.96542543902            0.66003668182            0.45765477389            3503020006700            0.87314556378             39.773416525
  38.9555695124  21.2340909735   0.7681104054            0.72509186206             0.5978512504            0.43597704785            9191239218800            0.85663368324             41.771260697
  51.2969256403 -11.0179844049   0.8797013925             1.1723480791            0.74281466958            0.50907181862            3072098723400            0.83329974929             41.692822098
  29.9809030451  20.4482153840 -14.8996079699            0.69443255268            0.68126918103            0.52737209626          232129341210000            0.67799321238             56.762248985
  25.2276210359 -12.6215554783   7.1305491388            0.73108580039            0.55252441376            0.38397552336            4715951245700            0.89769140177             35.938013678
  40.6885513574   7.5983754485 -11.0107091060            0.64203368475             0.5007647381            0.36207212315            4685649816800            0.91050904573             30.916482161
  17.2423613293  14.6368272255 -11.6020266254             4.4675945053             1.6574336865             1.4136337522          896930164690000          0.0497793906746             66.918681228
  19.4418596686  -6.5681029282 -10.5892712397            0.95553545805            0.84504996425            0.63592266966           90328268446000             0.5858887595             59.096374982
  25.3500626460 -11.2596368839  -8.5233740380            0.43609386722            0.37368612004            0.27727952134            7611485873100            0.94053440272             27.870814682
  23.3596427433  25.3899470995  -5.9770812106            0.92516193464            0.75643890548            0.59132395274          265584741060000            0.60473493332             57.886898528
  40.8343646537   0.2775790302 -11.4866433837            0.75937507408            0.57443706509            0.39936639811            4102347308800            0.90077674077             35.327641698
  23.5795070302   7.3931952202 -10.4010755042             1.3019298511            0.97963697721            0.75935128206          167059936070000            0.45319660595             61.909099694
  19.6543319309   6.7787018215  13.3857350480            0.71989967884            0.46509809273             0.3477947978            5967633350800            0.91757791089             29.144377434
  41.4738711476  12.4142083212  11.6582404001             1.2418788733            0.74144071829            0.51581374153            2768210353800             0.8280205711             40.697210904
  15.8866859923  17.7153791922  -4.3322068405             4.4151608517             1.6463020582             1.4074665085          890596874680000           0.065992543203             66.704505547
  27.6143059967   4.9035170678  -7.6369820325            0.65443011736            0.67020919995            0.48920637955           22180063297000            0.78094310369             46.751274143
  34.6241514849  -7.4727668010  18.4025843401              1.122843168            0.69566640865            0.48220557977            3272554330400             0.8413086248             39.374868739
  25.0808229250  22.3501744864 -13.4776388941            2.41632008219            1.15717855515            0.96931167567          514905190120000           0.348343533526             62.413406113
  16.9566960651   2.5604292428 -12.1700605568               3.19921807             1.4496561823             1.2022732143          552440211200000           0.065800406457             66.513789719
  48.5251341265  22.5166512008   5.9780270867             1.2051869926            0.73197881776            0.51270805892            2748689240900            0.81412369134             40.554025664
  25.3626744073  12.0335775304 -14.4379353910            1.12691789738            0.88761560948             0.7052664788          249670372300000             0.5144110951             60.797507465
  50.2806214644  -7.6905807349  -4.2008916155             1.0842342934            0.70451229451             0.4859751407            3239047942500            0.85461576565             41.033746893
  42.1777127602  -1.8910963113  14.7399822502             1.2330453411            0.72972849186            0.50877185629            2885628391100             0.8353091772             40.608721346
  29.8104824331   0.6721208420  23.1501195503             1.1264957583            0.66383755131             0.4677034582            3307808877600            0.85709553278             37.336630436
  32.2448329360  13.9792855447 -15.1639380715            1.00430469635            0.86505757954            0.66811801219          164504127080000            0.55612312157             60.451944473
  28.1375752563   4.0951598729 -10.6799968950            0.73680819237            0.73122727745            0.53523889304           34000825560000            0.72010227426             49.870031028
  53.3684690544  14.1163240674   6.6237979864             1.3762289495            0.80139258841            0.55391564236            2505695089100             0.7905912128             43.352331264
  16.8959537430  -6.9655280203 -10.6611544804             1.3990161988             1.0120487961            0.79192105552          188107483470000            0.41437431308             62.439396051
  16.5100187722  14.3272617123   4.4038223485             1.3586436668            0.99949348534            0.77106747751          152001582670000            0.45256528189             61.872546201
  17.7714576959  24.2977287422  -9.1709990536             4.2597589736              1.617895029             1.3749089046          862456170650000           0.058325953589             66.822779536
  46.3111953170  16.5327107676   5.5781122562             1.2065761501            0.74231786016            0.51461171085            2758595477100            0.81784851045             41.367064779
  50.9485704814  -5.5101953785   8.2901615226             1.2901803891            0.76610057868            0.52887274538            2757138677900            0.82135980605             42.065518449
  25.0632805725  12.0240125621   4.0949184567            0.63953554763            0.56615309123            0.41983194396            9828151948200            0.87059341525             40.976645601
  36.3846097434   7.6883565949   9.3714737260             1.0677545834            0.66809817613            0.46701162707            3299942160400            0.86425778696             37.907490658
  15.0130547538  -2.1108024108  10.4688095166             0.5615319572            0.44538658153            0.33820410153            9380331790400            0.92173772927              32.21477431
  19.6069203474  -1.0221840342   4.8871162040            0.54891637729            0.42251198619            0.31957033991            8244028203500            0.92633090621             31.301808619
  19.1301643304  15.7883416865  17.4223424754            0.78879651366            0.50364876081            0.37692457923            5541373825700            0.90560609741              31.53662526
  27.5474737354  17.4854548495  14.9928167657            0.95045516741            0.59384925507            0.42209559989            3723579446600            0.88220855418             29.474454299
  28.0877068150 -13.6533945573   6.2650145346            0.78330653565            0.58481029622            0.40480311684            4348837779400            0.88716462483              37.20975107
  25.0450111239 -12.9371779183  20.6883545375            0.96783815395            0.65876758077            0.45131610423            4303968355400            0.84631090799             38.297195918
  39.8116845549   9.2802747678  -9.9317218646            0.60144613925            0.47934517901            0.35115941157            5329263822700            0.91024749912             32.944571568
  23.1525027404   9.4426817308  -5.4532376514             1.1175889597             0.9116204473            0.69018609371          106894409313000            0.53491005046             60.405567956
  28.5476070164  21.8523309332 -14.9919431991            0.56222624371            0.59945899665             0.4645505365          261868736970000            0.73374738002             55.224292491
  49.9029607831  -1.2248733237 -14.7215456054            0.93486547226             0.6687755676            0.45843552721            3542936312300            0.86726570928             39.974207436
  16.4436056328  -6.7600060613   5.3623530500            0.49210565199            0.41423419317            0.31269697352            9059835906700            0.92846408423             30.472389719
  54.7596791006  -9.7960739611   5.2673543647             1.2984873502            0.78173677477            0.53427758082            2760926356500            0.81293455986             42.434466667
  39.5663632436  12.9323191674  -8.9920390808            0.62429724964            0.59474227531            0.43288063891           12147376703900            0.84789827322              43.89266833
  27.0708120218  10.7773970064 -11.3593189553               1.08824648            0.89872696166            0.69508162157          160555326430000            0.53147826433             60.762630939
  41.5243716298  24.5837923109  20.5459445359             1.4027926631            0.78188129838            0.54524928039            2428484717100            0.78950756937             41.376422645
  25.4340784872  14.2131759444  -2.5408866648            0.94960269646            0.83858267633            0.63049887346           83586491857000            0.61890419336             58.562512274
  48.1227560635   9.3857855071   1.7505654331             1.1931526874            0.74488742029            0.51424822122            2844255286000            0.82707068215             41.608883134
  28.1837823989   5.8793839368  19.0570916412             1.0450661927            0.62689551626            0.44455112674            3565662383900            0.87570598885             34.711062849
  27.7817625831  -8.1817841784  20.4000550641             1.0217418397            0.65521777659             0.4518946453            3773693348200            0.85552849713             37.711121442
  32.1280604902  -6.7403572660  12.9925718732            0.99222500697            0.64643266957            0.45013715896            3567119183500            0.86682562238             38.306130411
  38.1549793361  -6.9888338237  12.8972354053             1.1136129062            0.69887251372            0.48389910757            3172617886800            0.84584212764             40.172491766
  50.2438740859  25.4534252734   3.3128259091            1.05219308546            0.64518233558            0.46502608912            3106187830800            0.84893606676             35.515462116
  28.8649351685 -10.8424737753   1.6390837930            0.71584444348            0.53937674228            0.37789612972            4602029527200             0.9071636331             35.788668508
  45.6927124161 -12.5008237655  -2.6513476048             1.0094030025            0.68590583459            0.47134749222            3368411735500            0.85861423512             40.531505015
  22.5327994928   7.8831342902  19.9630144830            0.93159761454            0.56377289663            0.41204356502            4231128382000            0.89522905858             32.350326302
  49.7797761701   6.7341930978  -9.5206305593            1.01283602367            0.69810995372            0.47860296204            3229724426000            0.84545725631              40.66617193
  36.7822133331   3.0048425941  24.2261316271             1.2913905768            0.72479354638            0.51036316667            2913598940800            0.83211363504             39.721228778
  43.2172360215  24.7807684812  14.6782919195             1.3019668513            0.75516417162            0.52901525308            2557265790500            0.80175109727             40.782095973
  16.1524853204  -3.9674535093  19.7260904846            0.76876800338            0.53763929683            0.39479202201            5848175794400            0.90209016668             34.881974002
  18.1370195638   3.1279492205  15.7740160064            0.73348432651            0.48107097608            0.36106428739            6052419080000            0.91594588939             31.466830208
  49.3728948939  -9.0316767801  -5.4102838421             1.0437688464            0.69163647836            0.47738874315            3355009180500            0.86016939489             40.551369088
  32.8683632046  -1.7896851203   6.2069711705            0.89885590715            0.59838285116            0.42134682239            3810987414700            0.89065266316             36.411435846
  22.0257199202  25.7747026214 -12.2973779609             3.6403225639             1.5071500106            1.27109307468          764151633780000          0.1265264560607             65.876516091
  29.3170605527  21.2869447383  20.8504495347             1.1300281001            0.66252119683            0.46716509981            3083461759200             0.8527002121             33.373945995
  32.0731441112  -5.4255277158  10.0904201395             0.9443037908            0.62487260185             0.4364113524            3698813855500            0.87784463423             37.769239599
  40.2788035307  -4.1581287330  12.0964879176             1.1518278206            0.70769782825            0.49233472324            3103565591900            0.84504138416             40.058150717
  39.8890418506   0.0569865629  -2.4179749514            0.91315207319            0.62334235718            0.43401443968            3718917688200            0.88543115564             37.720203148
  47.9409236432  19.1150860499 -10.1045729227            0.68398083632            0.62621409581            0.45667252811           14095991677000            0.83334082804             44.012583613
  28.2913964974 -13.7000000000  -8.4997401003            0.51262486602            0.43306822101            0.31118873784            5898289695900            0.93494952597             33.868672783
  28.3051091125 -13.7000000000  -8.5067591492            0.51067811878            0.43146226333            0.31042097906            5964719751700            0.93524005619             33.878063351
  28.4462984737 -13.7000000000  -8.5813858400            0.51170878577              0.431761729            0.31068523077            5961223432900            0.93507218719             33.900605143
  29.1391120838 -13.7000000000  -9.0057644662            0.52135505294            0.43856279767            0.31471116779            5888383459600            0.93411907691             34.234409119
  30.0394432656 -13.7000000000  -9.7121930711            0.53010054372            0.44438824843            0.31797888445            5759019666700            0.93335821284             34.586183542
  30.8512305795 -13.7000000000 -10.5829991809            0.53371857879            0.44713858542            0.31961580785            5692880970700             0.9331068126             34.554359365
  31.5273661222 -13.7000000000 -11.6622892460            0.52835399098            0.44372557152            0.31695700113            5681226574800            0.93408220391             34.711752901
  33.4600402443 -13.7000000000 -15.5000000000            0.50617706524            0.43152555815            0.30767529008            6051545000400            0.93680557783             34.166110732
  26.1384722583 -10.3022206584  -7.3100393383            0.47432677022            0.38885515851            0.28540350787            6885708377000            0.93950846913             29.090804378
  27.3131908244  -9.4280934863  -7.5874619918            0.49554850399            0.39864669188            0.29040143835            6597844801900            0.93810783367             29.701286452
  27.4301419464  -9.3166762918  -7.5309281601            0.50091026693            0.40146084298            0.29185501397            6499947877300            0.93782972978             29.909993474
  27.9659153430  -8.8144675622  -7.3181644355            0.51622581562             0.4097622293            0.29613041949            6392436076600            0.93672312133             30.283042961
  28.6838822154  -8.1719924344  -7.1560229532            0.53703461249            0.42173244196            0.30270607045            6102824341600            0.93512726836             30.702842924
  29.4151963481  -7.5513955072  -7.0865674273            0.55677420853            0.43374636119            0.30985713486            5927134325500            0.93329655349             31.253815241
  18.1831181237  25.5704883377  23.0177939425            0.88377370975            0.55125399644            0.41259142686            5349076295600            0.88543178517             34.911347686
  55.0000000000 -13.7000000000  24.5000000000             1.5508356167            0.86810250311            0.58692879843            2500159251300            0.74655801143             43.206651152
  23.3103742438   6.5480195449  12.7448465250             0.8013380737            0.51197147004            0.37247361301            4792287538000            0.91003360838             29.983790392
  23.3333242532   6.5376415169  12.7274028987            0.80082148014            0.51240837555            0.37232748946            4768978746400            0.90996583236             29.829220831
  23.5487721165   6.4218747622  12.5518508793            0.80034936392            0.51207716055            0.37209891239            4684775737100            0.91030440537             29.979109616
  24.1535551398   5.5029360287  11.7549689839            0.79832742846            0.51413496397            0.37217627861            4706627729300            0.91023662173             29.918180776
  24.3756122019   4.1444998699  11.0224766394            0.79051012015            0.51328643489            0.37114747615            4773931864900            0.91098485553             30.465360834
  24.5582465811   3.4800398399  10.7076187503            0.78730795381            0.51354017611             0.3708152351            4748583553900            0.91118788692             30.650391142
  29.4575247395  26.3000000000  11.0222784386            0.81709400557            0.69440698449            0.51251938522           22607196903000            0.79864610791             50.942249129
  55.0000000000   6.6553073766  24.5000000000               1.62781632            0.84080517722            0.58468994941            2134211224200            0.77762890241             43.307553707
  29.5603271016  13.2115494425  10.1094937148            0.90336263677            0.58625569884            0.41283713725            3773401988300            0.88860878617             30.350924588
  29.5537579378  13.2103091140  10.1204202317            0.90275741878            0.58578134675            0.41275621856            3842745643300            0.88902881312             31.000351893
  29.4937311942  13.1951435116  10.2196747214            0.90367413806            0.58641022408            0.41275234898            3787969983200            0.88874449589             30.549452744
  29.3269990782  13.0877136130  10.5080057192            0.90310559101            0.58330234834            0.41113333426            3812735574200            0.88992273365             30.537549639
  29.2301956954  12.9144845182  10.7113851662            0.91292960106            0.58911725491            0.41461394953            3767283430700             0.8884158927             30.992110439
  29.1949939736  12.7426220559  10.8520704219            0.91305960365            0.58761904149            0.41394660644            3835753005600            0.88865240167             31.255338853
  15.2942663610  13.6091686456  24.3382093284            0.86148378508            0.52812049332            0.39823623222            6096997143800            0.90268183869             31.301079336
  55.0000000000  26.3000000000 -15.5000000000            0.77978699789            0.73893767526            0.54867010435           60907620420000            0.73114137057              53.75555635
  25.2827045282 -11.7110339728  -9.1642003153            0.42184627302             0.3688978543            0.27470795238            8005695809900            0.94093197381             27.564734501
  25.2835315265 -11.7136756992  -9.1720043113            0.42131455213            0.36877325553            0.27464466537            7901971687800               0.94104658             27.702594577
  24.5909180218 -12.4842257075  -8.9427576050            0.41106585467            0.36520475521            0.27262242258            8127484245800             0.9413168553             27.996513234
  25.4150330827 -12.5410994950  -9.7907859177            0.41536416229            0.36679451341            0.27228982728            7917413762000            0.94175319702              28.02238591
  21.3587208566  18.4409064769  24.5000000000              1.022779015            0.59692260496            0.43681321375            3872172992500            0.88116317114              32.32238862
  21.7495290500  18.4830256354  24.5000000000             1.0303147872             0.5998603033            0.43812651766            3808365175800            0.87995065617             32.908557871
  15.0000000000 -13.7000000000  11.4828369884            0.58837835155            0.50396265463            0.36548409858            7242915607300            0.90539213755             35.446958388
  55.0000000000 -13.7000000000 -15.5000000000            0.98351360259            0.68175585605               0.46650876            3488452011900            0.86610529313             40.652121944
  25.3815392944 -11.6743046172  -9.4199792512            0.41961606467            0.36843786312            0.27429600663            7965488144600            0.94119943833             27.724508599
  25.3826245116 -11.6733903580  -9.4220188460            0.41949826811            0.36806028645              0.274284799            7922075520300            0.94105407662             27.880794261
  25.3942351592 -11.6641037855  -9.4441814195            0.42020054481            0.36867954092            0.27449494431            8026091002600            0.94109028452             27.771504151
  25.4817170265 -11.6011221257  -9.6016468424            0.41841335831            0.36776186801            0.27412039352            8019389725000             0.9411102334             27.827672641
  20.3815183955  -4.6181036014   7.6898891677            0.62153394683              0.449433352            0.33473782611            6046591882200            0.92551767382             31.095404114
  19.3224287067  -5.8577413760   9.0788428858            0.62427679161            0.45932839932            0.34134901975            5986280384200            0.92322292194             32.090979029
  55.0000000000  26.3000000000  24.5000000000             1.7468709963            0.89596955446            0.61924845659            1872570039400            0.71857770111             45.320995131
  55.0000000000  26.3000000000  24.5000000000             1.7468709963            0.89596955446            0.61924845659            1872570039400            0.71857770111             45.320995131
  25.2480050363 -11.7812241960  -9.1476483130            0.42217723954            0.36924219234            0.27482892889            7887986412700            0.94117605212             27.685281102
  25.2478528818 -11.7812805775  -9.1471685343            0.42167964003            0.36910380775            0.27472718502            7926154558900            0.94118688538             27.630478539
  25.2469762247 -11.7823189290  -9.1427986046            0.42110782734             0.3687412496            0.27494488165            7879245616000            0.94083832733             27.741128204
  25.5141643409 -12.6047266837  -9.1949182736            0.42700370651            0.37168815571             0.2742108403            7568364608900            0.94192734495             28.812061828
  15.0000000000  19.3814411366  24.5000000000            0.86672223733            0.53758464454            0.40572818905            6201303986000            0.89813434135             31.522968116
  15.2475838943  19.6049983403  22.4057771827            0.82073049088            0.52613587717            0.39801134888            6623484472500            0.89912510663             33.674420232
  15.0000000000  20.0419469746  24.5000000000            0.86794603143             0.5395735004             0.4073069684            6195476788000            0.89709173312             31.737584996
  41.7233215554 -13.7000000000  24.5000000000               1.33045876            0.79338327295            0.53929544845            3003046428300            0.78235890811             41.607891841
  25.6741594208 -11.2386478217  -9.6109781643            0.42233786107            0.37017521466            0.27578891962            7983552458000            0.94068100852             27.662462343
  24.8532401015 -11.6955636465  -9.4197138549            0.40698437146            0.36622083023            0.27437275012            8315994097200            0.94017651672             27.647628565
  24.8363496146 -11.7016517161  -9.4334511665            0.40798309425            0.36705080953            0.27489063256            8480321077400             0.9401595815             27.809700387
  24.7491231958 -11.7418027971  -9.5219578200            0.40471499623            0.36669918082            0.27481737974            8544711614000            0.93971100255             27.783201611
  24.5972890095 -11.8709228685  -9.7886686292            0.39700139459            0.36669212709            0.27497384357            8791784804400            0.93934576442             28.189036798
  16.3583019218 -13.4479916740   2.7515090782            0.44216844273             0.4043948573            0.30227851331            8493723632600            0.93061303794             31.153683891
  15.0000000000 -13.7000000000  24.5000000000            0.84878544899            0.64407072048            0.45351249036            6911930767500            0.84564496033             39.644482337
  15.0000000000 -13.7000000000  24.5000000000            0.84878544899            0.64407072048            0.45351249036            6911930767500            0.84564496033             39.644482337
  25.2488723693 -11.4774139065  -9.2454281745            0.41991103508            0.36900779984             0.2752368945            8082323462100            0.94073454156             27.770172795
  25.2488638666 -11.4771884323  -9.2453386474            0.41873287351            0.36837539077             0.2748695146            8107089053200            0.94080443511              27.80556016
  25.2488446321 -11.4742105570  -9.2433776443            0.42083679281            0.36958374459            0.27562725313            8006861249600             0.9406831198             27.813518789
  25.2481094911 -11.4601778182  -9.2341891528            0.41965955314            0.36916096088            0.27567252474            8064841868500            0.94045814605             27.414678226
  25.2466467056 -11.4395653426  -9.2206951647            0.42041192699             0.3693286126            0.27568786486            8025508282700            0.94068194543             27.663242054
  15.1728792992   8.3970252299  17.5681574231            0.70942893297            0.47893143408            0.36690316636            7917122402300            0.91283625189             32.849667539
  33.2401912730   6.3839046120   0.6021551315            0.79658061961            0.55644646919            0.39105843031            4063887802600            0.90273398285             32.287955256
  55.0000000000  26.3000000000  11.5056222727             1.5242157583            0.85441278707            0.58752375683            2219871033100            0.73762282294             44.663779563
  25.2494029620 -11.4724110646  -9.2426418066            0.42031109951            0.36880736966            0.27528346398            7999285892400            0.94104225226             27.510442693
  25.2492210754 -11.4723337999  -9.2424559649            0.41968338411            0.36868730637            0.27498289422            7971023982600            0.94085292083             27.454175914
  25.2494038736 -11.4703909715  -9.2414822880            0.41889342487            0.36851461974            0.27504213663            8109419932400            0.94077882083             27.646031775
  25.2491305142 -11.4617943861  -9.2359057551            0.42072590678            0.36945714978            0.27578465319            8031335480800              0.940703594              28.02123747
  25.2481652682 -11.4496171135  -9.2275855033            0.42107883645            0.36995016024            0.27592436854            8044738035800            0.94031730216             27.883900899
  21.2236169161 -11.3042902589  -1.3316740603             0.4713728778            0.39346588548            0.29308253265            7001960974800            0.93696112958             29.786539802
  15.0000000000   3.0905903710  24.5000000000            0.84429993886             0.5485747169            0.40743568741            6007549656300            0.90052744922             34.537763417
  54.8879412362  19.2504188858  -3.4233701980             1.1477972715            0.73029802371            0.50792009572            2870186316700            0.81369052547             40.916924373
  25.5254420159 -10.6272353158 -10.1509847474            0.40958320787            0.37312577881            0.27919939174            8738465943600            0.93852076786             28.229381264
  25.2640220959 -11.4824667804  -9.2726067829            0.41844380914             0.3682559891            0.27516520774            8134768243100            0.94049856502             27.399427588
  25.2646284670 -11.4811304022  -9.2726964390            0.41990014664            0.36913408201            0.27552742513            8040950357300            0.94063153697             27.756661465
  24.4245098043 -11.8134322033  -9.2363176054            0.40281754078            0.36694171566            0.27521289053            8657759252900            0.93954444239              27.91408555
  27.2692311346 -10.6478990105 -10.9219898078            0.43418513935            0.37560390778            0.27761010175            7649654019400            0.94059017242             28.020499636
  24.0035637242  14.8263700234  15.4848837449             0.8735014153            0.54789317701            0.39725400333            4260264371300            0.89772162266             28.864934897
  32.1787861729  -7.8780309862 -15.5000000000            0.45090502168            0.39820713165            0.29052638405            7133655647000            0.93723000184             29.515564578
  48.4607025119 -13.7000000000  13.5906449078             1.2908800535            0.78544912307            0.53191109894            2940695411000            0.79857742929              41.77446418
