            C,W            G,C            G,W                      MSE                     RMSE                      MAE                     MAPE                       R2                    SMAPE
  37.2507533419   0.5298493745  12.5356517625             1.1176034556            0.67654476053            0.47647310722            4224718464300             0.8612113093             38.727615654
  24.2469905438   5.2028444622  -7.1429392337            0.85449901866            0.79299017984            0.58785071775           52156917360000            0.66317526464             54.219101007
  31.7988446312  14.0892258988   6.1334018509            0.86830990061             0.5804238569            0.41204495929            5226705140200            0.88824486478             30.905302071
  22.3884302481   6.8541542245  -8.4214341391             1.2633376204            0.96739964039            0.74012279351          135000441480000            0.46985967491              61.30396893
  45.7154361123  -6.3864873912  -5.5668766633            0.97442429703            0.65136244308            0.45421906265            4569105859100            0.87828187472             39.146390988
  28.9301721087  15.4450585812  19.2470816635              1.112743635            0.65824714766            0.46354238615            4501801723600            0.86161768814             34.639146908
  41.0287178622   7.7559575265  -9.2555843508            0.76955238106            0.57713530353            0.40504699261            5355194853400            0.89148862412             33.279848307
  44.9266362733  21.3671726542  19.7489978299             1.4818124379            0.81612853503            0.56714256019            3215156431300            0.77643548916              42.93672213
  46.6917259857  -8.4419854747  -7.0196233783            0.96575770396            0.65188440007            0.45376612173            4570562658700            0.87833352012             39.417744066
  38.9555695124  21.2340909735   0.7681104054            0.73198658559            0.58731260307            0.42935149059            9773376287200             0.8622483689             40.706942691
  51.2969256403 -11.0179844049   0.8797013925             1.1766067168            0.73827879396            0.50635299801            3704932413300            0.83802432273             41.419063322
  29.9809030451  20.4482153840 -14.8996079699              0.957849348            0.81509545816            0.63828980767          232805296170000            0.57246238122             59.396687571
  25.2276210359 -12.6215554783   7.1305491388            0.73902739407            0.55117303215            0.38443828743            5326058864000            0.90093528277             36.023185665
  40.6885513574   7.5983754485 -11.0107091060            0.68732876451            0.53234296031            0.37977378153            5766595024000            0.90291184112             30.800080006
  17.2423613293  14.6368272255 -11.6020266254             4.6623686773             1.6843324782             1.4408585382          910224333950000           0.035284610924              67.01456806
  19.4418596686  -6.5681029282 -10.5892712397            0.83719955196            0.79040751472            0.59060209869           70523079645000            0.64536081399             57.292084193
  25.3500626460 -11.2596368839  -8.5233740380            0.45049475691            0.38184182004            0.28371103139            8976506977000            0.94193316176             28.473731133
  23.3596427433  25.3899470995  -5.9770812106            0.95124435482            0.78987836132            0.62169198987          261007185760000            0.58964039555             58.764170364
  40.8343646537   0.2775790302 -11.4866433837            0.77638008069            0.58070201735            0.40373617147            5453383137800            0.89915633645             35.688806194
  23.5795070302   7.3931952202 -10.4010755042             1.3290784498            0.99119791302            0.76171504982          149193456010000            0.44241694448             61.979876956
  19.6543319309   6.7787018215  13.3857350480            0.73418722253            0.46901147122            0.35144342842            7587885721800             0.9167163205             29.109227207
  41.4738711476  12.4142083212  11.6582404001             1.2545905854            0.74516538778            0.51841324811            3884410108000            0.82731696942             41.150089619
  15.8866859923  17.7153791922  -4.3322068405             4.4321875713             1.6474477512             1.4084418232          894007824950000           0.067414935301             66.668290573
  27.6143059967   4.9035170678  -7.6369820325            0.61806385405            0.63904453195            0.46712692109           19617261669000            0.80694478222             44.987688738
  34.6241514849  -7.4727668010  18.4025843401             1.1347667015            0.69481163236            0.48252808328            3952296963400             0.8446585254             39.367234198
  25.0808229250  22.3501744864 -13.4776388941             0.9961130626            0.73529686679            0.59175553991          349327984550000           0.639363225386             57.615714707
  16.9566960651   2.5604292428 -12.1700605568             3.0758141111             1.4223170469             1.1774362534          533001261790000           0.090581974384             66.243308889
  48.5251341265  22.5166512008   5.9780270867             1.2402751862            0.75110536161            0.52416074426            3715421369400             0.8032836735             41.084997702
  25.3626744073  12.0335775304 -14.4379353910            1.24497882618            0.93786233237            0.74705532625          249258389390000            0.47799768489              61.33847512
  50.2806214644  -7.6905807349  -4.2008916155             1.0861327937            0.69828991229            0.48348508868            4108465866600            0.85941488103             40.564827142
  42.1777127602  -1.8910963113  14.7399822502             1.2406728901             0.7273825648            0.50821333833            3694443457000            0.83830137481             40.579348334
  29.8104824331   0.6721208420  23.1501195503             1.1387406789            0.66422972057            0.46809543843            4258224852200            0.85912582049             37.186967584
  32.2448329360  13.9792855447 -15.1639380715            1.00406230899            0.86529174002            0.66746346314          157898998290000            0.55973679822             60.391279753
  28.1375752563   4.0951598729 -10.6799968950            0.69901807449            0.70688435213            0.51637111343           29411615869000            0.74381773446             47.888267779
  53.3684690544  14.1163240674   6.6237979864             1.4013309307             0.8133230508            0.56123940487            3437755390400            0.78584626759             43.710868337
  16.8959537430  -6.9655280203 -10.6611544804             1.2477716312            0.95844165854            0.74294264808          158266985810000            0.47182941438             61.690279638
  16.5100187722  14.3272617123   4.4038223485             1.3002616687            0.97820510932            0.75145031776          136999753090000            0.47896858351             61.476289185
  17.7714576959  24.2977287422  -9.1709990536             4.0601429324             1.5855347759             1.3434803046          843964140910000            0.08007918631             66.699294351
  46.3111953170  16.5327107676   5.5781122562             1.2330304558            0.75569593141            0.52283107757            3762913032300            0.81168434422             41.888495358
  50.9485704814  -5.5101953785   8.2901615226             1.2956043513            0.76293926559            0.52735629538            3505059525900            0.82533488751             41.875309351
  25.0632805725  12.0240125621   4.0949184567            0.63636489855            0.53992319264            0.40301223195            9884093047600             0.8843869945             39.677975536
  36.3846097434   7.6883565949   9.3714737260             1.0762014278            0.66696713284            0.46699208346            4499470844500             0.8652190805             37.891175977
  15.0130547538  -2.1108024108  10.4688095166            0.57673219355            0.45328787778            0.34433898118           10817901507000            0.92271019363             31.790976373
  19.6069203474  -1.0221840342   4.8871162040            0.56655048888            0.42946850847            0.32427219499            9511735102600            0.92689417186             30.477552698
  19.1301643304  15.7883416865  17.4223424754             0.8051352976            0.50822211739            0.38007242482            7132490207500            0.90366666734              30.88760006
  27.5474737354  17.4854548495  14.9928167657            0.97376912197            0.60677201622            0.42969057607            4978466510400            0.87723702556             30.788869359
  28.0877068150 -13.6533945573   6.2650145346             0.7888220211            0.58107729799            0.40357042566            5037029849000             0.8914158394             37.238319171
  25.0450111239 -12.9371779183  20.6883545375            0.97471893652            0.65505241115            0.45107564374            4756450271000            0.85160576991             38.229763588
  39.8116845549   9.2802747678  -9.9317218646            0.64172237339            0.49936918042            0.36355201652            6089421786400            0.90744518341             31.682161327
  23.1525027404   9.4426817308  -5.4532376514             1.0871459741            0.89879741186            0.67740389135           94589698258000            0.55163782489             59.726068067
  28.5476070164  21.8523309332 -14.9919431991            0.57705271191            0.61854673029             0.4787967905          257381211880000            0.72060963564             55.848320545
  49.9029607831  -1.2248733237 -14.7215456054            0.94551618843            0.67051390682            0.46014358735            4728479721100            0.86786640171             40.295577295
  16.4436056328  -6.7600060613   5.3623530500            0.50735881904            0.42196482264            0.31860326439           10315305692000              0.929947856             30.830810271
  54.7596791006  -9.7960739611   5.2673543647             1.3037027431            0.77807437623            0.53215094878            3299942160600            0.81746674662             42.068414506
  39.5663632436  12.9323191674  -8.9920390808            0.60930636292            0.55438470094            0.40249171683            9394025705600            0.87149579614             40.113543098
  27.0708120218  10.7773970064 -11.3593189553             1.1065362678            0.90669766914            0.69704817483          145717823850000            0.52720043109              60.77025626
  41.5243716298  24.5837923109  20.5459445359             1.4241619818            0.79253244666            0.55150952883            3365206776900             0.7837401282             41.889135731
  25.4340784872  14.2131759444  -2.5408866648            0.94566175206            0.83495836237            0.62416886333           70585722023000            0.62753519706             57.625999424
  48.1227560635   9.3857855071   1.7505654331             1.2169081069            0.75537912973            0.52082696142            3960163680600            0.82309261826             42.195705205
  28.1837823989   5.8793839368  19.0570916412             1.0537706171            0.62458445046            0.44436213277            4798406095900             0.8770590867             34.653513745
  27.7817625831  -8.1817841784  20.4000550641             1.0266004796            0.65036222275            0.45077674094            4393415842900            0.85997356185              37.71854124
  32.1280604902  -6.7403572660  12.9925718732            1.00132804673            0.64435321882            0.44937543219            4381178727400            0.86974713295             37.988662186
  38.1549793361  -6.9888338237  12.8972354053             1.1204500375            0.69504583966            0.48275222262            3998331826600            0.84982402122             39.821494128
  50.2438740859  25.4534252734   3.3128259091             1.0664950334            0.65039728345            0.46865155324            4125073380500            0.84583199272             35.499340485
  28.8649351685 -10.8424737753   1.6390837930            0.71971984425            0.53338307888            0.37546706621            5539334306500            0.91094346085             35.744477376
  45.6927124161 -12.5008237655  -2.6513476048             1.0137374231            0.68145328756            0.46905823189            4146342652900            0.86339729163              40.07614525
  22.5327994928   7.8831342902  19.9630144830            0.94229317931            0.56147225339            0.41182699979            5578376532200            0.89578337655             33.056945062
  49.7797761701   6.7341930978  -9.5206305593             1.0335983623            0.70826455215            0.48487975033            4450231022400             0.8417965538             41.162705949
  36.7822133331   3.0048425941  24.2261316271             1.3003938859             0.7238356471             0.5102661364            3742517839700            0.83459732174              39.80461158
  43.2172360215  24.7807684812  14.6782919195             1.3311135847            0.77114879886            0.53866024893            3542062232500            0.79312691077             41.520336985
  16.1524853204  -3.9674535093  19.7260904846            0.77813225199            0.53994132791            0.39762517983            7010701771800            0.90483140115             35.247119529
  18.1370195638   3.1279492205  15.7740160064            0.74490021924            0.48376404939            0.36393868985            7533984141500            0.91674983141             31.762818055
  49.3728948939  -9.0316767801  -5.4102838421             1.0459182438            0.68548031935            0.47429423242            4176352722000            0.86492634121             40.042809913
  32.8683632046  -1.7896851203   6.2069711705            0.90364858443             0.5919365083            0.41832451636            5018382816000            0.89330174898             36.302617987
  22.0257199202  25.7747026214 -12.2973779609             4.0810259582             1.5929814849             1.3550375279          772544838220000          0.0687415271698             66.584891985
  29.3170605527  21.2869447383  20.8504495347               1.15373217            0.67583456779            0.47545881805            4221804865400            0.84702315495             33.968929795
  32.0731441112  -5.4255277158  10.0904201395            0.94926495707            0.61846197048            0.43307113048            4678365819500            0.88198848013             37.180013301
  40.2788035307  -4.1581287330  12.0964879176             1.1574356074            0.70350451182            0.49018470372            3864014915600            0.84900482713             40.047847918
  39.8890418506   0.0569865629  -2.4179749514            0.92096191276            0.62077139701            0.43314102157            4943211963300            0.88702947798             37.441664097
  47.9409236432  19.1150860499 -10.1045729227            0.68160785392            0.61162552656            0.44517378774           12718442098000             0.8428589232             42.714701119
  28.7983941425 -13.7000000000  -8.7086652519            0.52734178235            0.43569997199            0.31528283029            7056736634800            0.93690292179             34.465389253
  28.8129001720 -13.7000000000  -8.7174614271            0.52698144982            0.43470735369            0.31502700862            7097818380100            0.93694829559             34.297437049
  28.9615465735 -13.7000000000  -8.8098334399            0.52980243574            0.43622316163            0.31591049631            7042460000200             0.9368214441             34.482407579
  29.6763128634 -13.7000000000  -9.3127109940            0.53674549556            0.44153103638            0.31901551692            6905520849800            0.93605824593             34.752945292
  30.5865451955 -13.7000000000 -10.1263544449            0.54379911103            0.44563071351            0.32160493963            6869974943000            0.93570968581              35.07483879
  31.4012333559 -13.7000000000 -11.1377436406            0.54582566124            0.44763143466            0.32235924418            6883377497900            0.93548553742             35.231041122
  32.0847707503 -13.7000000000 -12.4140067822            0.53955251117            0.44384472874            0.31948086904            6991763378500            0.93636821446             35.017359438
  55.0000000000 -13.7000000000  24.5000000000              1.557338419            0.86376189497            0.58442939353            2710812454500            0.75246474197             42.826110128
  23.6006630317   6.0331180025  11.8484817632            0.79695868621            0.50577860698            0.36918640815            6261906843900             0.9114677503             30.194895524
  23.6193661091   6.0154645317  11.8290512501              0.797885874            0.50645784806            0.37000407711            6235101733500            0.91148302761             30.248568913
  23.7875240015   5.8300035396  11.6405609552             0.7987682911            0.50779620066            0.37008012747            6254622846400            0.91126316488               30.3294214
  24.2096934692   4.8857352653  10.9499585043            0.79309506314            0.50713991179            0.36904060625            6249087008600            0.91194961519             30.508612666
  24.4653030321   4.0458254763  10.4837619609            0.79010215444            0.50732140096            0.36831226637            6197516307300            0.91241638297             30.549348028
  24.6904964971   3.6286004095  10.2815190477            0.79327698747            0.50955462693            0.36947016813            6095248984600            0.91215313625             30.763577533
  16.8199288952  26.3000000000  24.5000000000            0.91879807602            0.56745605936             0.4243738515            6729539474000            0.88147902784             32.891184229
  15.3113579477  26.2961308661  23.2071229455            0.85080716592            0.55786072051            0.42186859127            8181385826200            0.88363011322             36.773217362
  26.8650823108  -9.6465908393  -7.6417385497            0.49784218268            0.39899791794            0.29321842285            8183133985300             0.9394878746             29.709676217
  26.8812859072  -9.6290294425  -7.6337529771            0.49996473339            0.39981442039            0.29324184645            8216931733100            0.93962548725             29.820084828
  27.0464944050  -9.4520090397  -7.5566299172             0.5034478311            0.40080503749            0.29413817087            8116121209800            0.93937935507              29.55245348
  27.8574872654  -8.6205038122  -7.2800541208            0.52706629711            0.41134103471            0.29942626353            7739684226500            0.93778718054             30.647129378
  29.0150700020  -7.4964953480  -7.0641279833            0.55862880388            0.42798820835              0.308275742            7394131392200            0.93517884192             30.936167215
  30.0048296597  -6.5405643284  -6.9130383709            0.58472834288            0.44259304181            0.31655550561            7168036114500            0.93252258478             31.465454742
  30.6080374057  -5.9678248661  -6.8328681250            0.60154397297            0.45236351308            0.32263660866            7020899368000            0.93103149127             32.075836712
  55.0000000000   6.3705972649  24.5000000000             1.6374891714            0.84319244725            0.58662084912            2932245974000            0.77854253885               43.3395192
  25.2367459917 -11.5823718399  -8.5567582033            0.44773806705            0.38062873669            0.28279473326            9044393832500             0.9425066403             28.707064179
  21.7429697388  24.2484936918  24.5000000000             1.0470351384            0.61112795527            0.44795026124            5043148407000            0.86873596913             31.677670737
  21.8403170852  24.1405932115  24.5000000000             1.0490887996            0.61188441912            0.44856132358            5066165838600            0.86885526847             32.016523831
  22.0371890252  23.3301897543  24.5000000000             1.0562688263            0.61570222306            0.45011373673            5015760576900            0.86877121408             32.699273595
  23.4514607842  26.3000000000  24.5000000000             1.0788659711            0.62408159961            0.45519284302            4747709474200            0.86008182053             31.695667893
  21.4365250585  20.3746479169  24.3583669773             1.0386736809            0.60451428333            0.44268034353            5230201459000            0.87620895097             32.815638826
  20.9211498131  16.5645035661  24.3832435878             1.0204673754            0.59138508663            0.43431047868            5443185541500            0.88388834123             33.028121226
  55.0000000000  26.3000000000 -15.5000000000            0.78459707513            0.74125444257            0.55036527822           62979480626000            0.73039877618             53.862750057
  25.6445840554 -11.2302301307  -8.9086836028            0.45035248503            0.38195553428            0.28359195802            8959316743200            0.94188507671              28.50261702
  25.0677141078 -11.1019146024  -8.0840372906            0.45104705511            0.38162565753            0.28393153028            9114611566900            0.94166348427             28.319246347
  25.7520496678 -11.2096828212  -9.1118818425            0.44787431714            0.38117048001            0.28310510878            9183663862000            0.94183495491             28.408987103
  20.4207164113  -3.2014295660   7.7718823521            0.63460108108            0.44625583061            0.33545907803            7561080611600            0.92707979111              30.99323325
  20.6238680176  -3.6664794581   8.2668968864            0.64828196704            0.45485269183            0.34020916236            7275839275300            0.92591697288             31.689485902
  30.0169372276  26.0028527676  11.6455817452            0.80598524233            0.62278744006            0.45714066381           10563252960900            0.84733746799             43.497046711
  30.0014213340  25.7593116405  11.2640905023            0.80193674331            0.63154430524            0.46337317844           11105765085300            0.84287400649             43.779183744
  55.0000000000  26.3000000000  24.5000000000             1.7517301201             0.8965737916            0.62058626704            2698575339200            0.71928093194              45.50978129
  25.3172965723 -10.9996296717  -8.4680881895            0.44933583165             0.3810242394            0.28323761468            9106453489700            0.94175444084             28.105086964
  25.3171889948 -10.9985397938  -8.4688720440            0.45057806353             0.3821741182            0.28418322944            9089263256000            0.94138488957              28.32730162
  25.3170070502 -10.9865987551  -8.4768170296            0.44987416121            0.38148471628            0.28385880965            9198814576200            0.94164349397             28.532268227
  28.5595315196  12.5741399288  10.4669490790            0.90473409081            0.58287761884            0.41096389228            5113074781400            0.88980251972             30.916302618
  28.4198280856  12.4066814187  10.7220669088            0.90739520034            0.58242138088            0.41102583706            5211263065700             0.8898340195              30.75974031
  19.3960085540 -13.7000000000  -0.0240997446            0.46673663799            0.40373752484            0.30088835481            8356493122500            0.93708786143             31.118281478
  18.1473348611 -13.7000000000   0.5384056289            0.45056335379            0.39914007455            0.29880147403            8961647622700            0.93665973632             31.329559755
  55.0000000000 -13.7000000000 -15.5000000000            0.98419791039            0.67376587153            0.46306434209            4321158589400            0.87202023853             40.181289501
  25.2833686460 -10.9057481609  -8.4872123009            0.44852125237            0.38130505305            0.28397726352            9257960634700            0.94146981443             28.116740992
  25.2833160045 -10.9049758097  -8.4880298626            0.45004100036             0.3825231685            0.28446667898            9186868820600            0.94134118651             27.991567893
  20.6832100657   8.8113816016  14.8037386764            0.78946753908            0.49310462167            0.36594746156            6848122950700            0.91179076027             29.672749063
  21.9843664396  11.4612609186  15.5002513549            0.83710369537            0.51869836054            0.38139671485            6260741404300            0.90526280137             29.492742527
  22.6417777183  12.3009107553  15.4816452719            0.85598251049            0.53117383636            0.38842639167            6012211414700            0.90229283229             29.505934655
  15.0537869909 -13.1447104250   8.6851916936            0.54120359698            0.46962731568            0.34481292045            8524316421600            0.92051782589             34.475028157
  15.3632941761 -12.6582338549  11.1545346242            0.59626558504            0.49711886337             0.3627890904            7859724503100            0.91346898933             35.346925595
  15.1689421314 -13.5074430780  16.2942203316            0.70011678491            0.56212340204            0.40158882502            7472798563600            0.88990135637             37.283199153
  24.8551115753 -10.4071695377  -7.8375056452            0.45039685091            0.38274476501            0.28589882912            9361976117100            0.94064684141             27.700443434
  25.2096774618 -10.6661077078  -8.6301589831            0.44455127726             0.3818578036            0.28479250588            9374795952400            0.94063267551             27.886263653
  25.2082544514 -10.6542135360  -8.6449059780            0.44542246119            0.38190428135            0.28454698463            9372465073200            0.94107935809             27.522505772
  25.2088934517 -10.5933542634  -8.7339901881            0.44497814387            0.38200801567            0.28456262121            9375670032100            0.94079194601             28.019418137
  19.6727499365   2.8113419155   9.8279612354            0.66069314518            0.44577753754            0.33614469421            8210521815600            0.92265783417             29.782862856
  15.0000000000  10.6420999847  21.8204580402             0.8103165226            0.50976670561            0.38731878082            8583753839800            0.90798488498             31.647889364
  15.0000000000   8.9760487283  24.5000000000            0.86265417206            0.53485977886            0.40297705673            7945967031800            0.90457915713             33.193859133
  15.0000000000   6.8890507961  24.5000000000            0.85928266249            0.53971564201            0.40525839819            7829714434000            0.90454577562             33.891748137
  24.8005125091 -10.1577185231  -8.2460153243            0.44440542809            0.38351668773            0.28682650615            9703741272800            0.93950504324             27.860709334
  24.7998068161 -10.1564671352  -8.2447824178            0.44314925918            0.38327562129            0.28642757604            9631484018900             0.9397396991              27.63337692
  24.7923481043 -10.1446415553  -8.2338778344            0.44448004004            0.38364805868            0.28670529398            9617790104000             0.9398243857             27.949309995
  24.7501589276 -10.0790407845  -8.1544076177            0.44483847704            0.38414637143            0.28697541377            9717726547700            0.93978834838             27.796899408
  23.0173061379  -7.3286027780   0.0510138323            0.54867982625             0.4159187118            0.31017200736            7839329310600            0.93523693075             30.062112034
  23.3468353857  -6.5740733030   0.2875797664            0.56034158462            0.41913427043            0.31240139659            7793294447300            0.93415213488             29.545240869
  23.8310091981  -5.8700403564   0.3336107382            0.57261615279             0.4223691535            0.31439325136            7692483923900            0.93343404948             29.727891726
  41.4624041444 -13.0303989759  23.0474972520             1.3170588846            0.78071569951             0.5307009311            3341897985200            0.79473697441             41.186582186
  24.0754544276 -10.7180657666  -8.1850059520            0.43104870771            0.38101923488            0.28552830761            9979367732900            0.93964861836             28.272504015
  24.8840782040 -10.2419935304  -8.3870580654             0.4444253369            0.38366251197            0.28674645581            9568258922000            0.93979383443             27.652687606
  24.8860170121 -10.2407132266  -8.3946592949            0.44417558321            0.38318928321            0.28650695257            9620703702900            0.93994795381             27.980045281
  24.9012787440 -10.2334474172  -8.4428815382            0.44379318761            0.38317870836            0.28653329247            9655666890100            0.93988658485             27.364646163
  24.9585097566 -10.2101740880  -8.5753422596            0.44156798619            0.38308373019            0.28654606334            9708111671100            0.93983858494             27.975636047
  30.5841078270   5.8282810427   3.1203265424             0.7952102744            0.54052382877            0.38090980888            5668115379800            0.90633856937             31.085274729
  31.9744000314   5.8585287323   1.0735403370            0.78816342123            0.54529613593            0.38396030133            5683266094100            0.90543072463             31.568597148
  54.3999248947  10.2729538144 -15.3842012795            0.92001785728            0.65904218935            0.45729961191            4626212398400            0.85141177339             39.076248997
  24.9913548148 -10.1371978950  -8.3864590694            0.44507439057            0.38346771385            0.28655861608            9617207384300            0.94021235134             27.718067733
  24.9916152274 -10.1368239901  -8.3866536008            0.44586685991            0.38351113003            0.28660273901            9458416242000            0.94009060071             27.755131769
  24.9942964591 -10.1330078109  -8.3892961008            0.44425135874            0.38313711837            0.28639728632            9606718427900             0.9401102602             27.784706282
  25.0094125196 -10.1142460325  -8.4064568901            0.44571277959            0.38374083222            0.28642503559            9566219402800             0.9399436486             27.790093579
  25.0402876478 -10.0839113414  -8.4499736742             0.4455599674            0.38403957089            0.28697054756            9720057426700             0.9397422328             28.133636197
  24.8068406304   0.3914333206   3.5260830042            0.65763535285            0.45166834656            0.33343517176            7176776911300            0.92513138689             28.516667217
  26.8624598101 -13.3645156789 -14.8126708494            0.38451093819            0.37337209626            0.27642013197           10715925545000            0.94126329145             28.541362365
  55.0000000000  19.7873652952  -3.0842671203              1.160922212              0.732942169            0.51030217681            3932775850400            0.81164085423             41.262027684
  24.4592348639  -9.9036176759  -8.3471532213            0.43633457139            0.38602391501            0.28920720011           10073768338500            0.93823612894             28.554794271
  24.9174859751 -10.1927429124  -8.2832009710            0.44552707515            0.38392495326            0.28713203595            9630901299400            0.93977676696             27.983694546
  24.9167700921 -10.1907883244  -8.2789946358            0.44641107065            0.38362930881            0.28682046562            9600891230200            0.94022633865              27.84531765
  24.9111985109 -10.1798015688  -8.2498778551            0.44668182741             0.3833751297            0.28637830756            9517562300400            0.94011074005             28.247923604
  24.2970946956  -2.3788697853   3.9924573094            0.65286334286             0.4533633767            0.33314267675            6948642114300            0.92673428198             29.893101943
  28.8283155574  -0.3642721673  -0.1336221219            0.68435010778            0.47971256649            0.34178991453            6542486422000            0.92245022478             30.213500722
  29.6441636806  -9.0169756446 -15.5000000000            0.42086542492            0.39754452097            0.29263589297           10038513791300            0.93538116555             30.180571396
  55.0000000000  26.3000000000  11.3720134607              1.519165607            0.84971125811            0.58580662286            3144355977100            0.74202733281             44.835572247
  24.7201279216 -10.2412500952  -9.0810263596            0.43086064312            0.38462135259            0.28728468734           10146025592000            0.93861802859             27.945202147
  25.0213972344 -10.3034426184  -8.4705554934            0.44510071294             0.3828064111            0.28589632301            9534461174300            0.94034604351             28.010923493
  25.0236651295 -10.3034780188  -8.4771900052            0.44440848944             0.3826864694            0.28544691195            9446179126400            0.94031637481             27.694590707
  25.0372907619 -10.3035814728  -8.5172283622            0.44593112344            0.38358147568            0.28628634153            9535043894000            0.94025526553             27.800549297
  26.2545358561 -11.4251004868 -13.6258999676            0.39365590868            0.38872641119            0.28866537261           11367697629000            0.93569789751             30.179186633
  40.7321648236   6.3753593050 -15.5000000000            0.53295333051            0.46861834143            0.34245699396            7256900882300            0.90934198443              34.61744846
  37.5603265282   4.2232915064 -15.0708517628            0.49993945574            0.46312126816            0.33946758189            7922366880300            0.91020958939             34.892254256
  48.8647551792 -13.7000000000  13.3738058050             1.3075808985            0.78678483226            0.53291534524            3228558986300            0.80175690587             41.612262306
  25.0220888621 -10.3123156534  -8.5240566245             0.4446376088            0.38309627978            0.28614189282            9640224815800            0.94016325697             27.650964557
  25.0221499544 -10.3123808237  -8.5243353926            0.44350582438            0.38269695002            0.28581285136            9574086119800            0.94016437294               27.8330556
  25.1914592690   1.5649041528   4.2177741259            0.68056513105            0.46314760299            0.33987352115            6971950905700            0.92271827208             28.938078555
  25.0296503011 -10.3107577230  -8.5413128728            0.44515081141            0.38312504201            0.28602392439            9528051256700             0.9402647882             28.139252909
  28.2889845232 -13.7000000000 -15.5000000000            0.40184067152            0.37283575201            0.27412903665            9859036096100            0.94389957672             28.995362921
  24.7444437338   3.3536252175   5.5007079841            0.69307462748            0.46610451151            0.34418630213            6999338735800            0.92121386419             28.447948914
  15.0000000000   6.7691773645  14.7017209164            0.66729019821            0.48728731502            0.37509876358           10993300164000            0.91144595713              35.27103783
  15.0618509670 -11.8856636666  24.3696253782            0.85697967991            0.63348601444            0.44833109445            7084124465100             0.8623578791             38.825127906
  25.0020170277 -10.3174583865  -8.4914029680            0.44424719692            0.38294550477            0.28591125646            9549903248600            0.94006216516             27.852287258
  25.0020795672 -10.3174910197  -8.4916121447            0.44426503668            0.38305875111            0.28583398434            9506199264700            0.94018022611             27.656941546
  25.0026789502 -10.3174340174  -8.4933234566            0.44362975636            0.38270053073            0.28604681979            9565928042800            0.94036868102             27.974440399
  25.0061580648 -10.3172106574  -8.5021748416            0.44445073527            0.38307593988            0.28594939009            9627696340600            0.94042584821             27.669567411
  23.8297950403   1.1950537755   4.3448787134            0.64783340285            0.44468955373            0.33167365419            7545347177300            0.92533758202             28.257646709
  15.0000000000  17.1219584839  24.5000000000            0.87908277598            0.53536886719            0.40453088877            7945675672000            0.89918019477             31.339590224
  15.7830268455  17.4610465140  24.3066230353            0.89234284338             0.5396481589            0.40623582357            7364412683100            0.89823776576                 31.24953
  43.3362628420 -13.7000000000 -15.5000000000            0.74482427684            0.56463103617            0.39371699835            5437941063400            0.90902128439             37.767984637
  23.3653012740   2.2850761173   5.5298847885            0.66014692461            0.44746774667            0.33472380926            7434921777500            0.92414192663             28.307999496
  24.9746412138 -11.1666722734  -9.1497992294            0.43334966201            0.37926269131            0.28314882796            9709277110400            0.94100834676             27.784516251
  23.3136869629   2.3389710660   5.6359286034            0.66062481561            0.44761000301            0.33463076092            7451529291400            0.92405903219             28.262554123
  25.0145615668 -10.3180268229  -8.5263923806            0.44416954893             0.3835860679            0.28620581208            9689755997900            0.93993994831             27.758758783
  22.8194037868   2.6587937713   6.4121645337            0.66546768624            0.44843102375            0.33586593759            7531070542500            0.92321806897               28.3461056
  22.5367909262   1.6805747034   6.1452512390            0.65348096733            0.44302992789            0.33217342508            7629841546600            0.92481005464             28.639925541
  35.3126536475  -6.1729750820 -15.5000000000            0.55022483598            0.45179480297            0.32161446098            7166579315000            0.93212098343             31.136873127
  55.0000000000   3.4141419439  12.9724863321             1.4708578951            0.80864167445              0.561526091            3276924728800            0.80274605736             42.905592547
  23.5552667354   2.8309105728   5.6207110284            0.66767768084             0.4526629457            0.33789632486            7332363094900            0.92308328064             28.197461963
  25.1235041616  -9.4562647698  -8.0795926563            0.45496768514            0.38721129704            0.28925652313            9528051256600            0.93931687749             27.459201959
  24.9698484981 -10.4315799699  -8.6914926564            0.44103617614            0.38244183156            0.28562541699            9685094239400             0.9403048904             27.669622557
  24.9702920892 -10.4384205106  -8.7119975819            0.43970974342            0.38234726095            0.28563991542            9690921437400            0.94019306354             27.802117457
  24.5562775162 -13.5352673596 -12.1788259825            0.38035047689            0.37166752916            0.27714419017           11040500466000             0.9402813906             28.793598334
  23.7680751687 -13.3490446889 -10.7308733726            0.38528734681            0.36997643316            0.27678338246           10809743430000            0.94088666661             28.249097168
  35.3516368232   3.9339108357  -7.3188402167            0.68300143547            0.51590196936             0.3656955111            6013668214100            0.91313588564             30.211475679
  49.5025546798  -3.6517120587  24.5000000000             1.4950456952            0.80843701353            0.56072610152            3009456346100            0.79127620879              42.32690853
  25.1317053028 -10.0040855645  -8.5040761672            0.44696244861            0.38449552301            0.28695579267            9517270940500            0.93989551052             27.736629379
  25.1319329428 -10.0038367146  -8.5042962746            0.44683023798            0.38445982294            0.28717657825            9569133001700            0.93992796113             27.766731085
  25.1366056545  -9.9970948812  -8.5062656862            0.44816590507            0.38541227594            0.28730117951            9531256215500            0.93950411502              27.88643045
  23.5196055336   3.0735524364   5.6405151336            0.66503081666            0.45129613406            0.33757792155            7403163549100            0.92302376015             28.203275161
  25.2082316546  -9.8918000026  -8.5357558450            0.44863962753            0.38542064197            0.28745900477            9484638632400            0.93949548008             27.499958142
  26.1957168957  -5.6944823839  -4.2430029602            0.54297453636            0.41160467084            0.30475803793            8031335480700            0.93521040229             28.294882238
  26.2156611748  -5.8845402806  -3.9898694440            0.54838497762            0.41371568993            0.30518276877            7876914736800            0.93518587204             28.779385103
  45.2499293150  26.3000000000  -4.5171525356            0.77241822029            0.69917628382            0.51609931367           33326618767000            0.78269501783             49.913409451
  25.2871817851  -9.6313058708  -8.3985667085            0.45238661767            0.38614044448            0.28812917279            9527468536900            0.93980964859             27.549245583
  25.2882000742  -9.6289132751  -8.3980356590            0.45092052907            0.38565954517            0.28795602693            9486678151700            0.93947808329             27.686881849
  25.0693166225 -11.2938462686  -9.6071558287            0.42778244358            0.37798192689            0.28236966718            9762887331500            0.94129289805             27.897398948
  25.3504168805  -9.4737418038  -8.3606104003            0.45372940394            0.38716320122            0.28865289345            9438312409300            0.93930347126             27.998144397
  25.4976262526  -9.0102580785  -8.1776684591            0.45986993656            0.38977894063            0.29071617262            9408885060000            0.93886309952              28.72210897
  26.5101950994  -6.4072922896  -7.0668250426            0.49881810354            0.40281739986            0.29913361995            8806061439100            0.93621026209             27.732378127
  27.0181028802  -5.6422948142  -7.2621915091            0.50610259766            0.40840339564            0.30281949298            8773429130900            0.93515874776             27.998972649
  39.6898627871  13.8369119714  24.5000000000              1.425837394            0.77218535336            0.54100763031            3508264484800            0.81158058322             40.847548299
  26.7461975830  -5.8518083939  -6.3086756881            0.51784187248            0.40640786786             0.3017745461            8465170363100            0.93596863606             27.718463485
  26.3370411320  -6.1467132447  -5.8035293974            0.51713739657            0.40572775909            0.30120911746            8435160293900            0.93565644713             27.821015932
  26.7541282085  -5.8302400250  -6.2857842155            0.51581252554             0.4059442173            0.30117522694            8487605074800            0.93596683888             27.940996772
  26.8112673381  -5.7044891513  -6.1900002028            0.52108596616            0.40835169039            0.30290143544            8447980129100            0.93549863204             27.611607864
  27.0290222846  -5.2793976250  -5.9995971503            0.52796227896             0.4108547947            0.30455231506            8369604317800            0.93493829494             27.720411821
  27.5505801241  -3.1508885148  -5.0876214282            0.55497675059            0.42412370148            0.31370517198            8099222335900            0.93203025721             27.612965852
  31.7181795628   0.6228299292  -5.4230151203            0.64266453017            0.47701053386            0.34078890563            6714971479200            0.92316663154              29.50692829
  33.3378694204  26.3000000000  24.5000000000             1.3309539136            0.74324779027            0.52122715673            3709885531500            0.80821058576             37.928370584
  27.4050902958  -4.0346551486  -5.3824592985            0.54621979253            0.41915256343            0.31009286019            8099222336000            0.93337307471             27.947717691
  27.4052631304  -4.0352445918  -5.3831244389            0.54733005782            0.41979416001            0.31014473073            8086985220400            0.93331585516             27.799759173
  27.4116969155  -4.0337553214  -5.3821904305            0.54725771346            0.41933929896            0.31024145955            8072999945600             0.9334175565             27.893335149
  27.4536161747  -4.0230113033  -5.3786283823            0.54848391576            0.41974791367            0.31021815142            7993750054400            0.93340663631             28.099864874
  27.5779911279  -3.9759071613  -5.3562300169            0.55018575385            0.42011655749            0.31060953567            8071251786200            0.93339203848             28.055333515
  28.1005503543  -3.3158224776  -4.6547856934            0.57550131634            0.43010030444            0.31548919707            7609446354000             0.9318911608             28.260255531
  23.4344980944  18.5221150994  17.8675425275            0.92764998023             0.5696421005            0.41396608995            5471738811100            0.88726169125             29.680240053
  55.0000000000   2.6496382946  -0.2481763168             1.2862580132            0.77136398766            0.53232544809            3762038952600            0.82341916666             42.303475547
  26.4391393796  -6.6205674590  -6.4294706297            0.50944797932            0.40336502577            0.29938482697            8660381491900            0.93646232856             28.169028855
  26.6283766156  -5.4731514484  -6.1466327081            0.51679210852            0.40797098302            0.30328329693            8625418304700            0.93505177242             27.504746472
  26.6211815827  -5.4605932249  -6.1374182973             0.5180076511            0.40782440138            0.30302817007            8603274952700             0.9352420401             27.499793303
  26.5788683677  -5.3853651418  -6.0822490916            0.51742421642            0.40853631377            0.30350025927            8636489980600            0.93501760969             27.780759523
  26.1460528786  -6.1147844818  -6.4362261177            0.50127670844            0.40354939647             0.3005637571            8862585258700            0.93581390396             28.082707111
  26.1240078791  -2.2016397350  -2.7238104818            0.56675240929            0.42443937233            0.31645559975            8208190936500            0.93107153962             27.941713398
  23.9631034351  -2.4484501411  -0.2522237827            0.56492706863            0.41931374741            0.31517102012            8458760445300             0.9309124063             28.105510427
  38.3324500515 -13.6467686279   6.7072439324             1.0137377041            0.68071730867            0.46774073096            4067092761600            0.85477786018             39.632617789
  26.6849715632  -5.0614632114  -5.9490139822            0.52074871246             0.4102584156            0.30484389058            8585210639400             0.9344181219             27.640421023
  26.6844545607  -5.0609252686  -5.9488060513            0.52224339923            0.41095984698             0.3055129586            8651640695200            0.93423494965             27.472700473
  26.6784365023  -5.0480041261  -5.9378462812            0.52321376936             0.4106976649            0.30495179266            8539758496000            0.93459711214             27.428747191
  26.6408278235  -4.9730038686  -5.8711563388            0.52266691787            0.41115450229            0.30548738204            8576469842400            0.93443076524             27.882695379
  24.3014793306  -0.6942775783   1.0506133944            0.59790911148            0.42996659305            0.32253981292            7994624134000            0.92872105141             28.195330317
  24.3321390657  -0.3625771201   1.0242609484            0.59618411471             0.4299391762            0.32257937144            8077370344000            0.92843995457             28.150257827
  23.7285450422   0.7098234124   1.6966728844            0.59474282081            0.43395932632            0.32626508113            8401653906100            0.92683275618             28.622884076
  18.2812613002  26.3000000000  12.2038587627             1.0887373575             0.8906138663             0.6752480208           92578440904000            0.59319276788             59.757663836
  26.6644382265  -5.0087121906  -5.9221058673            0.52145316578            0.41046141872            0.30515573893            8573556243700            0.93436384176             27.643716039
  26.6643778327  -5.0081193290  -5.9216671875             0.5209661764            0.41027057639            0.30459518239            8561610487900            0.93472348873             27.861107268
  26.6607634829  -5.0013802753  -5.9160027920             0.5217652077            0.41061934908            0.30515968726            8607353991300            0.93455886765              27.56678816
  26.1919162203  -6.2795206444  -6.7239938716            0.49791662733            0.40330977627            0.30010962532            8987578653200            0.93582684353              27.80877174
  26.5819989691  -4.8681635033  -5.7779677914            0.52340653196            0.41121401615            0.30553630719            8679902605000              0.934566076             27.711011867
  26.8570954881  -4.1245882674  -5.2331390598            0.53824182424            0.41574878673            0.30891493595            8319781775800            0.93346139742             27.777578234
  21.7890767696  14.7163570340  18.9385982705            0.91520260404            0.55254783589            0.40422539177            5763681425000             0.8955616128             30.613120943
  30.4408325240 -13.2815854137  24.3291592604             1.1344063243            0.71441962766             0.4884141683            4077873077800            0.82172085521             39.677665868
  26.6791988091  -5.1232963009  -6.0250005302            0.52092093255            0.41023939404            0.30475509176            8568020405500            0.93465584622             27.439157601
  26.6792524273  -5.1230676205  -6.0250562399             0.5197147778            0.40965893115            0.30428017778            8528395459900            0.93471732998             27.951683998
  26.6790014811  -5.1213708730  -6.0255480469            0.51956229313            0.40928904007            0.30387229923            8457303645900            0.93483742918             27.925067326
  26.6777091061  -5.1142815532  -6.0274002084            0.52000433022            0.41000181518            0.30465247817            8494306352400            0.93458787299             27.661938236
  26.5869339067  -3.3091340147  -4.3292609340            0.54679548837            0.41923182084            0.31194290331            8252769000200            0.93233728859             27.592998738
  26.4537992855  -3.3348726750  -4.2279883330            0.54659361329            0.41918687747            0.31194917626            8251312200700            0.93231868075             27.613942205
  27.8644596484  -1.1969861364  -3.9441860105            0.58178160982            0.43639759938            0.32230233224            7745802784600            0.92940516384             27.653038864
  21.3637172586  -1.8101351161  24.5000000000             0.9793026705             0.6039801897            0.43656263189            5253510250400            0.88066173794             35.365449643
  26.9462579693  -4.7226825685  -5.7623860622            0.53167496978            0.41320500135            0.30672371447            8321821295000            0.93433068353             27.617889117
  27.7986048848  -1.9603446966  -4.8616605802            0.56098208032            0.42947752815            0.31751987558            7934312635800            0.93066414515             27.609964673
  25.0936484261 -10.2269358917  -8.7246013607            0.44344078198            0.38392951992            0.28654166007            9723262385700            0.93974242217             27.511487532
  27.1465244873  -2.2710665794  -4.1322874914            0.56015237306             0.4252799425            0.31607168525            7992001894900            0.93144935723             27.844161104
  26.6988206416  -1.7624355789  -3.2116101118            0.56832282882            0.42738128202            0.31782081143            8052022033300             0.9307269195             28.039056057
  27.1622957084  -2.1788976046  -4.1717860948            0.55910436953             0.4253258938            0.31580478352            7993750054400            0.93131478344             27.687356538
  21.8469910278 -13.5704602515  -7.3206643178            0.39740416351            0.36786199577            0.27639336605           10172247981400            0.94180096912             28.092463455
  55.0000000000  16.0759922781  24.5000000000              1.697132909            0.86753778572            0.60314820463            2858240561000            0.75764162027             44.282245099
  26.6029909533  -5.0166537689  -5.8972758643            0.52138179583            0.41036420736            0.30494996144            8529852259300            0.93454218712             27.774029217
  27.3413421976  -2.4018952351  -4.5391661444            0.55919309021            0.42619984036            0.31603625113            8033375000000            0.93110521648             27.676372687
  27.3441389810  -2.3983473124  -4.5430236753            0.55931929923            0.42618058807            0.31572161278            8032500920300            0.93139862391             27.446875131
  27.3569617230  -2.3825346938  -4.5650094581            0.55841741687             0.4257812692            0.31582027107            8082906181900            0.93125567082             27.958088098
  27.3879155506  -2.3468309376  -4.6040955662            0.55688284677            0.42608597837            0.31593916846            8078535783600            0.93119249972             27.572691701
  27.8803691735  -1.8430402341  -4.6337853400            0.56732896929            0.43119510666            0.31871491207            7887403693100            0.93044791337             27.832763007
  19.6834589035 -13.7000000000  -4.8112681847            0.39516726697            0.37219489994             0.2789727493           10545188646000            0.93983131599             28.436431761
  35.6580532201  18.7219778807  11.6285660342             1.0978336296            0.67998489128            0.47744375421            4204614631700            0.84712373082             37.160816731
  26.6186616953  -5.0360846974  -5.9176392455             0.5203185994            0.41038364851            0.30490317897            8562484567600            0.93431493135             27.852135776
  26.9547755261  -2.8952469753  -4.5377300414            0.54903967936            0.42134623589            0.31290382318            8227129329500            0.93205278934             27.546029654
  26.9416582658  -2.9126276819  -4.5414499685            0.55082022924            0.42174410172            0.31318083161            8158659754300            0.93192802798             27.716113985
  26.8756201486  -2.9956890650  -4.5562731059            0.54688467959            0.42062295215            0.31258038341            8244319563300            0.93211721938             28.013302285
  26.5781222613  -4.9590258797  -5.8360862699            0.52162799422             0.4104344052            0.30485065845            8595699595500             0.9344937962             27.650975957
  21.7372310746 -13.7000000000  -5.1838177480            0.42704081958            0.37640987051            0.28143208486            9132675880400            0.94236661331             29.371918038
  24.8420471458 -13.7000000000 -15.5000000000            0.35238374798             0.3994939964            0.29753022878           13802009543000            0.92666304492             32.689366949
  46.2488314000  13.0498028531 -15.5000000000            0.61121550737            0.58966728615             0.4262097786           11774144679400            0.84763642234             42.206180223
  27.4213598830  -2.2853946706  -4.4495646452            0.56064399303            0.42665596386            0.31610803328            7936934875000            0.93125049444             27.964145556
  27.4219520573  -2.2846810259  -4.4492555575            0.56171096589            0.42716552337            0.31679928355            7934021276100            0.93082465695             27.389174438
  26.6467991234  -5.1157706792  -5.9802726995             0.5206987016            0.41022627949            0.30501843833            8629497343200            0.93460949882              27.81772887
  26.6427664709  -5.1114153544  -5.9775167883            0.51996600731            0.40985132795            0.30444377763            8579966161200             0.9344923547             27.967655189
  26.7354537615 -13.6417295975 -13.0500558025            0.40716764832            0.37085837158            0.27455171091            9695874555600            0.94415900594             28.691994242
  27.6817148181  -1.9805104016  -4.3380399964            0.56924361715            0.43029623868             0.3182437915            7884781453900            0.93055943223             27.816457923
  27.0139510199 -13.7000000000 -12.7717164250            0.41667911982            0.37264564499            0.27488911355            9390238026600            0.94455808744             29.563090908
  55.0000000000  26.3000000000   0.4946613927             1.0689707365            0.64990581808            0.46951043052            4040579011300            0.84421876146             36.025904909
  27.2539839023  -2.5079780714  -4.4882011233            0.55963222461            0.42628078348            0.31629303774            7956455987800            0.93119995539             27.987768803
  26.6605127947  -5.1328436993  -5.9974400752            0.52192250587            0.41070772523            0.30498294393            8495763151900            0.93475337163             27.453194063
  27.2509758096  -2.5117601815  -4.4885912327            0.55724241186            0.42513825196            0.31539331762            8077661704100            0.93141969157             27.868448128
  27.2341436921  -2.5306241102  -4.4887513666            0.55579178117            0.42449900984            0.31493007223            8060180110200            0.93163369986             27.442731751
  26.3807348574  -4.8146615011  -5.8023025537            0.51806744845            0.41089704379            0.30567249652            8687477962300            0.93427579172             28.036309423
  27.1526603133  -2.6266826271  -4.4956440026            0.55470762951            0.42410116136            0.31468164315            8162738792900            0.93150581012             28.026744561
  23.6809843929   5.7570118696   7.6806663439            0.71068753539            0.47144326114            0.35047147858            7003417774300            0.91830943515             28.013680479
  54.8796219904  -6.1208429893  18.1642558116             1.4912063626            0.82097018086            0.56572579716            2998093310300            0.78902573214             42.720118483
  27.5410341439  -2.1376707931  -4.4021361431            0.56581650045             0.4290769554             0.3178317531            7937808954600            0.93082036723             27.717546386
  26.7481804249  -5.2271597634  -6.0984441122            0.52031290253            0.40970072457            0.30422685316            8564232727000            0.93504734339             27.695993164
  27.5516357948  -2.1242739125  -4.3986107620            0.56629911614            0.42889914106            0.31760452065            7869922099500              0.930876243             27.535537513
  27.6109879210  -2.0512810718  -4.3796628380            0.56602246764            0.42899185835            0.31752724481            7895853129800            0.93085552123             27.935631193
  27.7311229966  -1.9093708942  -4.3446589893            0.57029580571            0.43064411669            0.31858315708            7871087538900            0.93054430325             27.637773394
  15.0000000000 -13.7000000000  -3.3721252093            0.39051006359            0.46121043355              0.344590473           18204166182000            0.90228960326             40.365394941
  27.2254953150   7.8880841442   7.4350829637            0.79639394587            0.52451317421            0.37642947422            5879059942900            0.90801344893             28.906831008
  37.4536465554  11.9439893640   1.7208697026            0.93665019386            0.63292400846            0.44300084012            4718864844700            0.87245031491             36.148808148
  26.7536369979  -5.2531428909  -6.1051905903            0.52069465536            0.40942900812            0.30412897924            8588706958200            0.93489380114             28.091940624
  26.7891380673  -4.9951569319  -6.0675265255            0.52079455661            0.41119342509            0.30526637552            8704959555800            0.93425097692             28.240044999
  26.7554767603  -5.2545480144  -6.1080751657            0.51982757452            0.40896450902             0.3036815952            8500716270100            0.93502910744             28.249035839
  26.7641827626  -5.2591010118  -6.1208133632            0.52080077292            0.40998602742            0.30453221444            8508874347200            0.93460140085             28.044996083
  27.8258178152  -1.8063119964  -4.3635743498            0.57189497857            0.43199433956            0.31922165142            7817768678200            0.93057400255             28.158078544
  27.8062025186  -1.7665600681  -4.8440142914            0.56085770333            0.42997654474            0.31808575308            8046777555100            0.93035697355             27.802351087
  22.5631225819   9.0288912686  10.6692000713            0.74160137238            0.48247050721            0.35985836033            6978943543100            0.91397266592             28.816471953
  55.0000000000  -2.7794585785 -10.3498683176             1.1096914347            0.71995780789            0.49642799174            4231419741700            0.85030867242             41.402505779
  26.9175520885  -3.0178919835  -4.4951064063            0.55099435557            0.42097420837            0.31301431782            8169440070500            0.93222819781             27.704666775
  25.1044254455 -10.2495294776  -8.7690243232            0.44127567879            0.38273248303            0.28587191878            9659454569100            0.94003120145             27.804419261
  25.1062961761 -10.2495195749  -8.7733017069             0.4431662611            0.38356704477            0.28622385833            9656249610000            0.94026602109              27.76769016
  26.8096549732  -3.1769727793  -4.4968984978            0.54894260504            0.42078269897            0.31275104531            8268502434400            0.93217983591             27.899263299
  26.3601925774  -5.2851045137  -5.6098417021            0.52020663618            0.40866510473            0.30373412209            8573264883800            0.93517197006             27.789730427
  26.5119987799  -3.5987327793  -4.4879849851            0.54432368043             0.4179693079            0.31084139769            8289480346800            0.93289925467             28.074915114
  20.1688314659  -7.5368797993   3.0304665146            0.53780948557            0.41458840362            0.31152438575            8224798450400            0.93425818349             30.318234312
  45.5149221759   6.6504847064  23.1144444599             1.4647842145            0.78594698147            0.55079255054            3345394304000            0.80826004862             42.061069589
  26.6853447598  -2.9856579606  -4.4655638944            0.54525650155            0.42080024019            0.31313461568            8296472984300            0.93192057086             27.940450881
  27.3663896472  -2.4067165727  -4.5072873642            0.56289156882            0.42766709382            0.31680088935            8032500920200            0.93110573434             27.679395802
  27.3665219281  -2.4071730980  -4.5077862368            0.55840826239            0.42524086084            0.31537114053            8037162678600            0.93134135802             27.819710549
  27.3655300850  -2.4117764166  -4.5125949985            0.56108323782            0.42711613721            0.31629044233            8068920907000            0.93120966301             27.515802277
  27.3646064025  -2.4183286720  -4.5209416389            0.55894469621              0.425856566             0.3157985612            8073291305400            0.93125100315             27.552979729
  27.3652268101  -2.4259997286  -4.5353474390            0.55860091447            0.42622663903            0.31603906408            8142634960100            0.93123187602             27.651081605
  21.0906698868   6.6868930700  10.2102517690            0.70064788325            0.46233535317            0.34764007298            7620809389900            0.91820822044             29.158146727
  28.7597385849   9.0025691430  24.2367240544             1.1688653194            0.66116981649            0.47012714507            4480823811400            0.86147019677             35.870922335
  27.4195521095  -2.3783255524  -4.5190957137            0.56006199494            0.42617131942            0.31584125071            7989962375500            0.93123859752             27.918098642
  27.4193819121  -2.3786446770  -4.5191412384            0.56004859756            0.42633614594            0.31610656632            7994041414200            0.93108877907             27.832583512
  27.4199464186  -2.3788758867  -4.5199454500            0.56161748034            0.42728284263            0.31642528945            7952668309300            0.93121280688             27.787267985
  27.4231628459  -2.3804399175  -4.5238645372            0.56183973999            0.42763757324            0.31684695168            8022594684000            0.93081652721              27.80814935
  22.7763479908 -13.6368794346  -8.6675103167            0.39476259259            0.36647594758            0.27493287373           10289957378000             0.9424318715             27.751205758
  22.6356573936 -13.7000000000  -9.0493514103            0.38785092139            0.36724761007            0.27531315518           10526832975000            0.94159853882             27.519889552
  25.0438805188   5.9666941000   6.7425961259            0.72494635287            0.48335965208            0.35540255667            6662526698400            0.91693574854             28.096287778
  32.8495258747 -13.7000000000  15.5614815517             1.0457342259            0.68764683222            0.47035379323            4132940097700             0.8424600781             39.654422238
  27.4040519573  -2.3718653155  -4.5030002624            0.55966701345             0.4262148154            0.31602999858            8048234354600            0.93110528269             27.798766751
  27.4045711702  -2.3712912180  -4.5028794740            0.55961077265            0.42638851979            0.31594210303            7974811661200            0.93112683251             27.917238988
  27.1680540204  -3.5469027376  -5.3372874108            0.54015680616            0.41873589219            0.31072116892            8212561334900            0.93282364895             27.734302682
  27.4061582333  -2.3724469111  -4.5044620825            0.56251132075            0.42770199267            0.31675806451            7970441262900            0.93107251314             27.679177329
  22.3595360492 -13.7000000000  -8.9719112030             0.3843200809            0.36826307825            0.27631290891           10763125848000            0.94078178094             27.841552179
  27.4105705781  -2.3747261500  -4.5085432480            0.56150539845            0.42669158071             0.3160985614            7894104970400            0.93120489866             27.416998945
  25.2480721117   7.5883198461   8.5262122106            0.76775563676            0.50276756069            0.36655310045            6375245842500            0.91216941892             28.440101278
  23.3455212534  -2.0700760161  16.7597957686            0.87915548111            0.56403013179            0.40694814384            5396859318300            0.89656209223             33.848389947
  22.8078278861 -13.7000000000  -9.0878549075             0.3911120997             0.3677458233            0.27578508957           10472057313000            0.94175104863             27.843315244
  22.8088343452 -13.7000000000  -9.0884082320            0.38978532534            0.36703255952            0.27530956384           10461568356000            0.94194121752             27.904375911
  26.6347732489  -5.2238019465  -5.9405293263            0.52162313316            0.40988514025            0.30439652519            8520820102800            0.93488853724             27.603485331
  27.2310729813  -2.6684523269  -3.8702180111            0.57140509508            0.42753984712            0.31632510183            7792420367600            0.93164135038             27.597726354
  27.4109038105  -2.4166621676  -4.5812119310            0.56009092074            0.42678875106            0.31637415084            8048817074400            0.93122424448             28.247251123
  23.1919904926 -13.7000000000  -9.3160546998            0.39444516675            0.36742485071            0.27528512541           10215660606800            0.94243390731             27.937129648
  22.7063373767  -1.8973027356   1.7686197343            0.57354535941            0.42004556676             0.3169711649            8417678700400            0.93040312151             27.954235094
  39.2680600281  26.2104905428   6.7042994570             0.8106708487            0.59122510373             0.4339058289            8456720926500            0.86498125323             40.248501195
  27.3380077246  -2.3660055196  -4.2142405919              0.564576139            0.42711962183            0.31646916799            7876040657000            0.93139797823             27.733065237
  27.3386175755  -2.3649898159  -4.2133821269            0.56493521047            0.42715721144            0.31640836213            7982387018400            0.93137673208              27.49850244
  27.3377356547  -2.3633767604  -4.2058126402            0.56393456672            0.42670471024            0.31644109589            7995789573500            0.93113324624             27.452637014
  25.1093507387 -10.2530206327  -8.7915363113            0.44148278942            0.38330761021            0.28596049992            9628570420000            0.93992130654             27.881843966
  27.3325315587  -2.3384108711  -4.1082477916             0.5661549517             0.4271552365            0.31608157916            7898184009100            0.93123665816             27.449289989
  27.3333770736  -2.3160109745  -4.0289734625            0.56761403865             0.4271436422            0.31657858783            7827674914900            0.93143285836             27.768165186
  27.3442409741  -2.2810004775  -3.9209328844            0.57062837934            0.42825423479             0.3170514871            7887986412900             0.9312361611             27.921321899
  55.0000000000 -13.7000000000  -5.6944014356             1.1404233671            0.73433163154            0.50165590102            3746305518100            0.84225033392             41.371385017
  22.4358063806 -13.7000000000  -8.7949426682            0.38772030291            0.36763548472            0.27565077775           10636967015000            0.94115614177             28.039512719
  27.7833419362  -2.0214742203  -5.0396948567            0.55864355637              0.429288856            0.31757562677            8056101071700            0.93067750817             27.488899665
  27.3228711438  -2.3607488351  -4.1207607013            0.56577666481            0.42729179744            0.31649353212            7922366880300            0.93107461845             27.415074763
  27.5688050195  -2.0133570397  -3.9755003894            0.57357995711            0.43026695048            0.31818528745            7780183252000             0.9305571343              27.76626224
  26.9802906161  -2.7527073958  -4.3531468073             0.5546242589            0.42344880669             0.3145171134            8203529178000            0.93184352636             27.754932976
  21.2952988417 -13.7000000000  -7.9459508289            0.38128264803            0.37117774213            0.27852569912           11222891760000            0.93905259076             28.190904182
  20.7879487399 -13.7000000000  -7.5633601179            0.37805803681             0.3738159127             0.2803566871           11469673591000            0.93783966297             28.742427062
  36.7270482134 -13.7000000000  -2.3813004775            0.82671894266            0.60261953608            0.41832821848            4734015559300            0.89128760873              38.23875253
  27.3912467049  -2.3256887168  -4.2397004212            0.56435293532            0.42682856785            0.31631255819            7929359517900             0.9312259163             28.089811478
  27.3908668043  -2.3258674273  -4.2389266464            0.56625431144            0.42768362208            0.31683556458            8020263804700             0.9310687764             27.633542865
  27.3903949050  -2.3254548926  -4.2355192415            0.56543695918            0.42747131331            0.31619130387            7883033294500            0.93129134815             27.896156023
  27.3892898436  -2.3231058895  -4.2188761287            0.56505704037            0.42738829213            0.31654838535            7936352155300             0.9311857338             27.871686991
  27.3851771593  -2.3220058293  -4.1935178914            0.56649461904            0.42807948153            0.31699732659            7941305273300            0.93104834271             27.881972052
  27.3792774513  -2.3214581931  -4.1613489648            0.56626436627            0.42706770801            0.31666338665            7943053432800            0.93130503116             27.672312968
  27.3715292888  -2.3206776078  -4.1188681137            0.56911347284            0.42912350768            0.31747507777            7887112333100            0.93101431792             27.662697963
  55.0000000000  11.6488333760  -6.4378343219             1.1793938989            0.75858416267            0.51915590356            3921121454600            0.80905085834             42.428737102
